instrument,contract_type,funding_rate,real_funding_rate,funding_time,date
1INCH-USD-SWAP,SWAP,6.2898923536e-05,0.0001472738135088,2024-09-16 16:00:00+00:00,2024-09-16
1INCH-USD-SWAP,SWAP,0.0003955686320363,5.03719651486e-05,2024-09-16 00:00:00+00:00,2024-09-16
1INCH-USD-SWAP,SWAP,4.59600503704e-05,6.16872135709e-05,2024-09-16 08:00:00+00:00,2024-09-16
1INCH-USDT-SWAP,SWAP,-8.59419197293e-05,-0.0001852026380578,2024-09-16 16:00:00+00:00,2024-09-16
1INCH-USDT-SWAP,SWAP,5.22505328901e-05,4.25374407634e-05,2024-09-16 00:00:00+00:00,2024-09-16
1INCH-USDT-SWAP,SWAP,4.01338637691e-05,-8.59220051399e-05,2024-09-16 08:00:00+00:00,2024-09-16
AAVE-USDT-SWAP,SWAP,8.16120700901e-05,-9.493613244e-06,2024-09-16 00:00:00+00:00,2024-09-16
AAVE-USDT-SWAP,SWAP,-9.9188474498e-06,9.48047188008e-05,2024-09-16 08:00:00+00:00,2024-09-16
AAVE-USDT-SWAP,SWAP,9.40693287913e-05,2.30811465615e-05,2024-09-16 16:00:00+00:00,2024-09-16
ACE-USDT-SWAP,SWAP,6.01601938716e-05,2.10837894725e-05,2024-09-16 00:00:00+00:00,2024-09-16
ACE-USDT-SWAP,SWAP,6.04537860232e-05,4.02792244684e-05,2024-09-16 16:00:00+00:00,2024-09-16
ACE-USDT-SWAP,SWAP,2.10899459143e-05,6.42607705938e-05,2024-09-16 08:00:00+00:00,2024-09-16
ACH-USDT-SWAP,SWAP,1.55706460127e-05,0.0001424030973854,2024-09-16 16:00:00+00:00,2024-09-16
ACH-USDT-SWAP,SWAP,4.163842179e-05,-8.84470488475e-05,2024-09-16 00:00:00+00:00,2024-09-16
ACH-USDT-SWAP,SWAP,-8.95257568329e-05,1.72869327173e-05,2024-09-16 08:00:00+00:00,2024-09-16
ADA-USD-SWAP,SWAP,-7.39457202736e-05,2.43302181232e-05,2024-09-16 16:00:00+00:00,2024-09-16
ADA-USD-SWAP,SWAP,0.0001012509500955,2.15622864547e-05,2024-09-16 00:00:00+00:00,2024-09-16
ADA-USD-SWAP,SWAP,2.09818002249e-05,-7.36471629028e-05,2024-09-16 08:00:00+00:00,2024-09-16
ADA-USDT-SWAP,SWAP,-9.93999154765e-05,1.24482417768e-05,2024-09-16 16:00:00+00:00,2024-09-16
ADA-USDT-SWAP,SWAP,-4.20569182753e-05,-9.81782689683e-05,2024-09-16 08:00:00+00:00,2024-09-16
ADA-USDT-SWAP,SWAP,3.17015029731e-05,-4.26485790198e-05,2024-09-16 00:00:00+00:00,2024-09-16
AEVO-USDT-SWAP,SWAP,-7.60156799195e-05,-7.04209217553e-05,2024-09-16 16:00:00+00:00,2024-09-16
AEVO-USDT-SWAP,SWAP,-0.0001562690917751,-0.0002037628636727,2024-09-16 00:00:00+00:00,2024-09-16
AEVO-USDT-SWAP,SWAP,-0.0002031645445309,-7.28722530189e-05,2024-09-16 08:00:00+00:00,2024-09-16
AGLD-USDT-SWAP,SWAP,-0.0001148004031334,-7.76515230191e-05,2024-09-16 08:00:00+00:00,2024-09-16
AGLD-USDT-SWAP,SWAP,-7.94260574664e-05,-0.0001878481600944,2024-09-16 16:00:00+00:00,2024-09-16
AGLD-USDT-SWAP,SWAP,-4.5849067018e-06,-0.000113715605568,2024-09-16 00:00:00+00:00,2024-09-16
AIDOGE-USDT-SWAP,SWAP,-0.0002713690172773,-0.000118014603579,2024-09-16 16:00:00+00:00,2024-09-16
AIDOGE-USDT-SWAP,SWAP,0.0006492635155212,0.0006241923768998,2024-09-16 00:00:00+00:00,2024-09-16
AIDOGE-USDT-SWAP,SWAP,0.0006147083659943,-0.0002827517658642,2024-09-16 08:00:00+00:00,2024-09-16
ALGO-USD-SWAP,SWAP,0.0001239422256463,-1.35336779518e-05,2024-09-16 00:00:00+00:00,2024-09-16
ALGO-USD-SWAP,SWAP,-1.51252124465e-05,0.0001639867902461,2024-09-16 08:00:00+00:00,2024-09-16
ALGO-USD-SWAP,SWAP,0.0001623619436469,0.0001358182740436,2024-09-16 16:00:00+00:00,2024-09-16
ALGO-USDT-SWAP,SWAP,0.0001491824406465,-1.89752519268e-05,2024-09-16 16:00:00+00:00,2024-09-16
ALGO-USDT-SWAP,SWAP,9.55511855878e-05,3.03916001266e-05,2024-09-16 00:00:00+00:00,2024-09-16
ALGO-USDT-SWAP,SWAP,2.87951723667e-05,0.0001459028447201,2024-09-16 08:00:00+00:00,2024-09-16
ALPHA-USDT-SWAP,SWAP,-1.56071696856e-05,-9.53968123969e-05,2024-09-16 08:00:00+00:00,2024-09-16
ALPHA-USDT-SWAP,SWAP,-6.44458997586e-05,-1.31470914622e-05,2024-09-16 00:00:00+00:00,2024-09-16
ALPHA-USDT-SWAP,SWAP,-9.62041237822e-05,-0.0001991467148459,2024-09-16 16:00:00+00:00,2024-09-16
APE-USDT-SWAP,SWAP,-4.4694667884e-05,1.846557083e-07,2024-09-16 16:00:00+00:00,2024-09-16
APE-USDT-SWAP,SWAP,1.32381362698e-05,-0.0001832517787379,2024-09-16 00:00:00+00:00,2024-09-16
APE-USDT-SWAP,SWAP,-0.0001840842694441,-4.46740580744e-05,2024-09-16 08:00:00+00:00,2024-09-16
API3-USDT-SWAP,SWAP,-0.0001742587665513,-0.00034099201008,2024-09-16 08:00:00+00:00,2024-09-16
API3-USDT-SWAP,SWAP,-0.0003396675541808,-0.0004945798594378,2024-09-16 16:00:00+00:00,2024-09-16
API3-USDT-SWAP,SWAP,-0.0004043429646566,-0.0001714741130859,2024-09-16 00:00:00+00:00,2024-09-16
APT-USDT-SWAP,SWAP,-5.560196264e-07,-5.7266975023e-06,2024-09-16 08:00:00+00:00,2024-09-16
APT-USDT-SWAP,SWAP,-0.0001199481795092,-1.139476212e-07,2024-09-16 00:00:00+00:00,2024-09-16
APT-USDT-SWAP,SWAP,-7.1820410325e-06,-3.201642508e-06,2024-09-16 16:00:00+00:00,2024-09-16
AR-USDT-SWAP,SWAP,-9.07282389178e-05,-3.53244961845e-05,2024-09-16 00:00:00+00:00,2024-09-16
AR-USDT-SWAP,SWAP,-3.66874697211e-05,-8.28343507713e-05,2024-09-16 08:00:00+00:00,2024-09-16
AR-USDT-SWAP,SWAP,-8.31543351371e-05,1.19985820888e-05,2024-09-16 16:00:00+00:00,2024-09-16
ARB-USDT-SWAP,SWAP,-5.33904651796e-05,-0.0001336276905002,2024-09-16 16:00:00+00:00,2024-09-16
ARB-USDT-SWAP,SWAP,0.0001268588695702,5.54462257656e-05,2024-09-16 00:00:00+00:00,2024-09-16
ARB-USDT-SWAP,SWAP,5.46706347456e-05,-5.2972693179e-05,2024-09-16 08:00:00+00:00,2024-09-16
ATH-USDT-SWAP,SWAP,-0.0008981600567296,-0.0008921030270136,2024-09-16 08:00:00+00:00,2024-09-16
ATH-USDT-SWAP,SWAP,-0.0008889149678407,-0.0010957553607356,2024-09-16 16:00:00+00:00,2024-09-16
ATH-USDT-SWAP,SWAP,-0.0011735339627632,-0.0008990448703384,2024-09-16 00:00:00+00:00,2024-09-16
ATOM-USD-SWAP,SWAP,-1.00046030246e-05,3.95147755927e-05,2024-09-16 16:00:00+00:00,2024-09-16
ATOM-USD-SWAP,SWAP,9.7978710776e-05,-8.9882335031e-06,2024-09-16 08:00:00+00:00,2024-09-16
ATOM-USD-SWAP,SWAP,0.0001716857341734,9.79775480841e-05,2024-09-16 00:00:00+00:00,2024-09-16
ATOM-USDT-SWAP,SWAP,-6.19760331557e-05,-0.0001301285705427,2024-09-16 16:00:00+00:00,2024-09-16
ATOM-USDT-SWAP,SWAP,0.0001596649123926,0.0001406938646078,2024-09-16 00:00:00+00:00,2024-09-16
ATOM-USDT-SWAP,SWAP,0.0001406927013663,-6.09395998965e-05,2024-09-16 08:00:00+00:00,2024-09-16
AUCTION-USDT-SWAP,SWAP,1.45964476793e-05,-3.29389509179e-05,2024-09-16 00:00:00+00:00,2024-09-16
AUCTION-USDT-SWAP,SWAP,-2.87531009795e-05,0.0001773630332325,2024-09-16 08:00:00+00:00,2024-09-16
AUCTION-USDT-SWAP,SWAP,0.000179888073308,0.0003068036283219,2024-09-16 16:00:00+00:00,2024-09-16
AUCTION-USDT-SWAP,SWAP,-0.0002749843127896,-0.0002749843127896,2024-09-16 04:00:00+00:00,2024-09-16
AUCTION-USDT-SWAP,SWAP,3.96900472466e-05,3.96900472466e-05,2024-09-16 12:00:00+00:00,2024-09-16
AUCTION-USDT-SWAP,SWAP,-0.0001168351820021,-0.0001168351820021,2024-09-16 20:00:00+00:00,2024-09-16
AVAX-USD-SWAP,SWAP,-1.87446792378e-05,1.39278488508e-05,2024-09-16 00:00:00+00:00,2024-09-16
AVAX-USD-SWAP,SWAP,1.20829264375e-05,-0.0002147014848716,2024-09-16 08:00:00+00:00,2024-09-16
AVAX-USD-SWAP,SWAP,-0.0002148966556364,-0.0001603174023735,2024-09-16 16:00:00+00:00,2024-09-16
AVAX-USDT-SWAP,SWAP,-0.0001002399882057,-8.72750894477e-05,2024-09-16 00:00:00+00:00,2024-09-16
AVAX-USDT-SWAP,SWAP,-0.0001569526368976,-0.0001481853101514,2024-09-16 16:00:00+00:00,2024-09-16
AVAX-USDT-SWAP,SWAP,-8.8032640982e-05,-0.0001561367865379,2024-09-16 08:00:00+00:00,2024-09-16
AXS-USDT-SWAP,SWAP,3.84668843625e-05,3.8904339708e-05,2024-09-16 16:00:00+00:00,2024-09-16
AXS-USDT-SWAP,SWAP,-0.0001909674986804,3.89285356717e-05,2024-09-16 08:00:00+00:00,2024-09-16
AXS-USDT-SWAP,SWAP,-2.59837200442e-05,-0.0001903080747447,2024-09-16 00:00:00+00:00,2024-09-16
BADGER-USDT-SWAP,SWAP,1.74254457615e-05,-0.0001905376395703,2024-09-16 16:00:00+00:00,2024-09-16
BADGER-USDT-SWAP,SWAP,0.0001091529568619,1.74571746777e-05,2024-09-16 08:00:00+00:00,2024-09-16
BADGER-USDT-SWAP,SWAP,0.0001986784208111,0.0001102637539079,2024-09-16 00:00:00+00:00,2024-09-16
BAL-USDT-SWAP,SWAP,0.0003491965571763,-0.0001255437381814,2024-09-16 00:00:00+00:00,2024-09-16
BAL-USDT-SWAP,SWAP,-0.0001368454045713,5.93037445087e-05,2024-09-16 16:00:00+00:00,2024-09-16
BAL-USDT-SWAP,SWAP,-0.0001299053285907,-0.0001356543523266,2024-09-16 08:00:00+00:00,2024-09-16
BAND-USDT-SWAP,SWAP,0.0001482252059965,-5.61089457683e-05,2024-09-16 16:00:00+00:00,2024-09-16
BAND-USDT-SWAP,SWAP,-0.0001528341374151,6.67618801221e-05,2024-09-16 00:00:00+00:00,2024-09-16
BAND-USDT-SWAP,SWAP,6.11665131059e-05,0.0001501690469799,2024-09-16 08:00:00+00:00,2024-09-16
BAT-USDT-SWAP,SWAP,-0.0001145544791736,-9.04998825471e-05,2024-09-16 16:00:00+00:00,2024-09-16
BAT-USDT-SWAP,SWAP,8.31397998741e-05,-6.80637053377e-05,2024-09-16 00:00:00+00:00,2024-09-16
BAT-USDT-SWAP,SWAP,-7.10415974665e-05,-0.0001103002979212,2024-09-16 08:00:00+00:00,2024-09-16
BCH-USD-SWAP,SWAP,-0.0001079159506053,-5.12586854582e-05,2024-09-16 08:00:00+00:00,2024-09-16
BCH-USD-SWAP,SWAP,-5.22540621864e-05,-7.96666961054e-05,2024-09-16 16:00:00+00:00,2024-09-16
BCH-USD-SWAP,SWAP,-3.22409963889e-05,-0.000106641228862,2024-09-16 00:00:00+00:00,2024-09-16
BCH-USDT-SWAP,SWAP,-0.0001287883327844,-6.577842838e-05,2024-09-16 16:00:00+00:00,2024-09-16
BCH-USDT-SWAP,SWAP,-0.0002237716782585,-0.0002711467407639,2024-09-16 00:00:00+00:00,2024-09-16
BCH-USDT-SWAP,SWAP,-0.0002711501703438,-0.0001281218635997,2024-09-16 08:00:00+00:00,2024-09-16
BICO-USDT-SWAP,SWAP,-0.0002602139174319,0.0002585180155843,2024-09-16 16:00:00+00:00,2024-09-16
BICO-USDT-SWAP,SWAP,0.0001904160603378,0.0001059516394936,2024-09-16 00:00:00+00:00,2024-09-16
BICO-USDT-SWAP,SWAP,0.0001059417452433,-0.0002588287223965,2024-09-16 08:00:00+00:00,2024-09-16
BIGTIME-USDT-SWAP,SWAP,0.0001199769303128,9.91301559108e-05,2024-09-16 16:00:00+00:00,2024-09-16
BIGTIME-USDT-SWAP,SWAP,-0.0002206408929299,0.00012104930311,2024-09-16 08:00:00+00:00,2024-09-16
BIGTIME-USDT-SWAP,SWAP,-0.0001074414025373,-0.0002223667539805,2024-09-16 00:00:00+00:00,2024-09-16
BLUR-USDT-SWAP,SWAP,8.31235572364e-05,-0.0001774315182859,2024-09-16 00:00:00+00:00,2024-09-16
BLUR-USDT-SWAP,SWAP,-0.0001763081240037,-0.0001075487521965,2024-09-16 08:00:00+00:00,2024-09-16
BLUR-USDT-SWAP,SWAP,-0.0001098705583929,0.0001949863723653,2024-09-16 16:00:00+00:00,2024-09-16
BNB-USDT-SWAP,SWAP,-2.74402696278e-05,-0.0001549146292766,2024-09-16 16:00:00+00:00,2024-09-16
BNB-USDT-SWAP,SWAP,0.0001341194047108,-2.66898954765e-05,2024-09-16 08:00:00+00:00,2024-09-16
BNB-USDT-SWAP,SWAP,7.92962983678e-05,0.0001341215451307,2024-09-16 00:00:00+00:00,2024-09-16
BNT-USDT-SWAP,SWAP,-8.14735051788e-05,-0.000126287333502,2024-09-16 16:00:00+00:00,2024-09-16
BNT-USDT-SWAP,SWAP,0.0001261885612514,8.73308340034e-05,2024-09-16 00:00:00+00:00,2024-09-16
BNT-USDT-SWAP,SWAP,8.69074115103e-05,-7.96945673613e-05,2024-09-16 08:00:00+00:00,2024-09-16
BOME-USDT-SWAP,SWAP,2.49649767801e-05,5.26918060075e-05,2024-09-16 16:00:00+00:00,2024-09-16
BOME-USDT-SWAP,SWAP,-3.04333000822e-05,-5.22226117246e-05,2024-09-16 00:00:00+00:00,2024-09-16
BOME-USDT-SWAP,SWAP,-5.27104356396e-05,2.65217685436e-05,2024-09-16 08:00:00+00:00,2024-09-16
BONE-USDT-SWAP,SWAP,-0.0001584113663422,0.0001266619664782,2024-09-16 16:00:00+00:00,2024-09-16
BONE-USDT-SWAP,SWAP,0.0002976801988769,0.0001010070609704,2024-09-16 00:00:00+00:00,2024-09-16
BONE-USDT-SWAP,SWAP,0.0001020309358384,-0.0001560697031344,2024-09-16 08:00:00+00:00,2024-09-16
BONK-USDT-SWAP,SWAP,7.21781466734e-05,-7.08611139325e-05,2024-09-16 00:00:00+00:00,2024-09-16
BONK-USDT-SWAP,SWAP,-7.27941083948e-05,-9.39837495603e-05,2024-09-16 08:00:00+00:00,2024-09-16
BONK-USDT-SWAP,SWAP,-9.58370950333e-05,-0.0002191846301231,2024-09-16 16:00:00+00:00,2024-09-16
BRETT-USDT-SWAP,SWAP,-0.0002098661355106,-0.0002098661355106,2024-09-16 12:00:00+00:00,2024-09-16
BRETT-USDT-SWAP,SWAP,-6.72764328949e-05,-6.72764328949e-05,2024-09-16 04:00:00+00:00,2024-09-16
BRETT-USDT-SWAP,SWAP,9.56969397112e-05,9.56969397112e-05,2024-09-16 20:00:00+00:00,2024-09-16
BRETT-USDT-SWAP,SWAP,0.0002112088743044,-0.0002612253571777,2024-09-16 08:00:00+00:00,2024-09-16
BRETT-USDT-SWAP,SWAP,-0.0002583169595115,-4.99795200914e-05,2024-09-16 16:00:00+00:00,2024-09-16
BRETT-USDT-SWAP,SWAP,-0.0001958381145858,0.0002132562084568,2024-09-16 00:00:00+00:00,2024-09-16
BSV-USD-SWAP,SWAP,-3.47548546456e-05,0.0002721600437764,2024-09-16 16:00:00+00:00,2024-09-16
BSV-USD-SWAP,SWAP,-0.0001332094018673,0.0002098202708967,2024-09-16 00:00:00+00:00,2024-09-16
BSV-USD-SWAP,SWAP,0.0002078939567206,-3.40921726862e-05,2024-09-16 08:00:00+00:00,2024-09-16
BSV-USDT-SWAP,SWAP,1.51650120425e-05,-8.11529309663e-05,2024-09-16 16:00:00+00:00,2024-09-16
BSV-USDT-SWAP,SWAP,-0.0001052986474767,3.37088277905e-05,2024-09-16 00:00:00+00:00,2024-09-16
BSV-USDT-SWAP,SWAP,3.15612593142e-05,1.4741059451e-05,2024-09-16 08:00:00+00:00,2024-09-16
BTC-USD-SWAP,SWAP,4.56984084997e-05,1.33428173098e-05,2024-09-16 16:00:00+00:00,2024-09-16
BTC-USD-SWAP,SWAP,6.24094276206e-05,6.12599967355e-05,2024-09-16 00:00:00+00:00,2024-09-16
BTC-USD-SWAP,SWAP,6.13807892464e-05,4.57237896036e-05,2024-09-16 08:00:00+00:00,2024-09-16
BTC-USDC-SWAP,SWAP,-8.3087732218e-06,1.86269065257e-05,2024-09-16 00:00:00+00:00,2024-09-16
BTC-USDC-SWAP,SWAP,1.84680266485e-05,1.59378039878e-05,2024-09-16 08:00:00+00:00,2024-09-16
BTC-USDC-SWAP,SWAP,1.58156041069e-05,1.9215858163e-06,2024-09-16 16:00:00+00:00,2024-09-16
BTC-USDT-SWAP,SWAP,-1.9662835988e-05,3.03948470753e-05,2024-09-16 00:00:00+00:00,2024-09-16
BTC-USDT-SWAP,SWAP,7.1445326969e-05,7.86174866354e-05,2024-09-16 16:00:00+00:00,2024-09-16
BTC-USDT-SWAP,SWAP,3.05816719728e-05,7.1448251361e-05,2024-09-16 08:00:00+00:00,2024-09-16
CAT-USDT-SWAP,SWAP,0.0002611997362154,0.0002611997362154,2024-09-16 04:00:00+00:00,2024-09-16
CAT-USDT-SWAP,SWAP,-0.0005898882522105,-0.0005898882522105,2024-09-16 12:00:00+00:00,2024-09-16
CAT-USDT-SWAP,SWAP,4.50064100032e-05,4.50064100032e-05,2024-09-16 20:00:00+00:00,2024-09-16
CAT-USDT-SWAP,SWAP,0.0005382208908468,1.54136245333e-05,2024-09-16 00:00:00+00:00,2024-09-16
CAT-USDT-SWAP,SWAP,1.46109696614e-05,0.000284477611547,2024-09-16 08:00:00+00:00,2024-09-16
CAT-USDT-SWAP,SWAP,0.000283589094626,0.0003534294440123,2024-09-16 16:00:00+00:00,2024-09-16
CELO-USDT-SWAP,SWAP,-8.82490388925e-05,-1.31578654837e-05,2024-09-16 16:00:00+00:00,2024-09-16
CELO-USDT-SWAP,SWAP,9.33525069144e-05,-8.75343582994e-05,2024-09-16 08:00:00+00:00,2024-09-16
CELO-USDT-SWAP,SWAP,6.33344294055e-05,9.47607460621e-05,2024-09-16 00:00:00+00:00,2024-09-16
CETUS-USDT-SWAP,SWAP,0.0001229752894099,5.5367782894e-05,2024-09-16 00:00:00+00:00,2024-09-16
CETUS-USDT-SWAP,SWAP,-6.9476946505e-06,0.0002591305362408,2024-09-16 16:00:00+00:00,2024-09-16
CETUS-USDT-SWAP,SWAP,5.52479109092e-05,-6.6769200525e-06,2024-09-16 08:00:00+00:00,2024-09-16
CFX-USDT-SWAP,SWAP,-3.6047013444e-05,-6.64006129042e-05,2024-09-16 08:00:00+00:00,2024-09-16
CFX-USDT-SWAP,SWAP,-6.64203131471e-05,6.6414382759e-06,2024-09-16 16:00:00+00:00,2024-09-16
CFX-USDT-SWAP,SWAP,-6.59685014703e-05,-3.45443725241e-05,2024-09-16 00:00:00+00:00,2024-09-16
CHZ-USDT-SWAP,SWAP,-8.1247092441e-05,2.9416214275e-06,2024-09-16 00:00:00+00:00,2024-09-16
CHZ-USDT-SWAP,SWAP,9.0435908179e-06,-0.0001993024749965,2024-09-16 16:00:00+00:00,2024-09-16
CHZ-USDT-SWAP,SWAP,2.9423446894e-06,7.471628176e-06,2024-09-16 08:00:00+00:00,2024-09-16
COMP-USDT-SWAP,SWAP,6.34434708811e-05,6.61474877466e-05,2024-09-16 16:00:00+00:00,2024-09-16
COMP-USDT-SWAP,SWAP,3.081781083e-07,-1.19306715985e-05,2024-09-16 00:00:00+00:00,2024-09-16
COMP-USDT-SWAP,SWAP,-1.47511115933e-05,6.22969097192e-05,2024-09-16 08:00:00+00:00,2024-09-16
CORE-USDT-SWAP,SWAP,-8.87538096834e-05,-0.0001620069933005,2024-09-16 16:00:00+00:00,2024-09-16
CORE-USDT-SWAP,SWAP,0.0002342551778345,9.43974852489e-05,2024-09-16 00:00:00+00:00,2024-09-16
CORE-USDT-SWAP,SWAP,9.47353629554e-05,-8.62506032426e-05,2024-09-16 08:00:00+00:00,2024-09-16
CRO-USDT-SWAP,SWAP,1.61982991654e-05,6.85642132782e-05,2024-09-16 08:00:00+00:00,2024-09-16
CRO-USDT-SWAP,SWAP,6.90954723196e-05,-3.69207618462e-05,2024-09-16 16:00:00+00:00,2024-09-16
CRO-USDT-SWAP,SWAP,-1.6480543535e-05,1.60720674955e-05,2024-09-16 00:00:00+00:00,2024-09-16
CRV-USD-SWAP,SWAP,-9.87611164855e-05,-0.0002130885023226,2024-09-16 16:00:00+00:00,2024-09-16
CRV-USD-SWAP,SWAP,-5.433821182e-06,3.54397864897e-05,2024-09-16 00:00:00+00:00,2024-09-16
CRV-USD-SWAP,SWAP,3.46741805034e-05,-0.0001002974820955,2024-09-16 08:00:00+00:00,2024-09-16
CRV-USDT-SWAP,SWAP,-0.0001646454763018,-6.04007810809e-05,2024-09-16 08:00:00+00:00,2024-09-16
CRV-USDT-SWAP,SWAP,-5.88638486611e-05,-1.58476216478e-05,2024-09-16 16:00:00+00:00,2024-09-16
CRV-USDT-SWAP,SWAP,6.01611977412e-05,-0.0001631235252195,2024-09-16 00:00:00+00:00,2024-09-16
CSPR-USDT-SWAP,SWAP,-0.0002016427531863,7.65854107508e-05,2024-09-16 16:00:00+00:00,2024-09-16
CSPR-USDT-SWAP,SWAP,4.75308139442e-05,5.02513312637e-05,2024-09-16 00:00:00+00:00,2024-09-16
CSPR-USDT-SWAP,SWAP,5.19102727576e-05,-0.0001999488507723,2024-09-16 08:00:00+00:00,2024-09-16
CTC-USDT-SWAP,SWAP,4.58791771792e-05,0.0001121251820702,2024-09-16 00:00:00+00:00,2024-09-16
CTC-USDT-SWAP,SWAP,0.0001108956416233,-4.79390455285e-05,2024-09-16 08:00:00+00:00,2024-09-16
CTC-USDT-SWAP,SWAP,-4.81906558345e-05,-5.9827848095e-05,2024-09-16 16:00:00+00:00,2024-09-16
CVC-USDT-SWAP,SWAP,0.0002035486493456,0.0002044836723044,2024-09-16 00:00:00+00:00,2024-09-16
CVC-USDT-SWAP,SWAP,0.0002018549767146,5.64461997354e-05,2024-09-16 08:00:00+00:00,2024-09-16
CVC-USDT-SWAP,SWAP,5.48739360431e-05,9.03949999717e-05,2024-09-16 16:00:00+00:00,2024-09-16
CVX-USDT-SWAP,SWAP,0.0002323117396321,-0.0002063312022832,2024-09-16 00:00:00+00:00,2024-09-16
CVX-USDT-SWAP,SWAP,-0.0002063376875006,-0.000168269664555,2024-09-16 08:00:00+00:00,2024-09-16
CVX-USDT-SWAP,SWAP,-0.0001683377462889,-8.97217537838e-05,2024-09-16 16:00:00+00:00,2024-09-16
DGB-USDT-SWAP,SWAP,-0.0003320926378301,-0.000526342359331,2024-09-16 16:00:00+00:00,2024-09-16
DGB-USDT-SWAP,SWAP,-0.0002367681287534,-0.0003294314204696,2024-09-16 08:00:00+00:00,2024-09-16
DGB-USDT-SWAP,SWAP,-0.0001632883187842,-0.000239070299801,2024-09-16 00:00:00+00:00,2024-09-16
DOGE-USD-SWAP,SWAP,6.09432441004e-05,5.00755595123e-05,2024-09-16 16:00:00+00:00,2024-09-16
DOGE-USD-SWAP,SWAP,-4.49410261377e-05,6.11425727257e-05,2024-09-16 08:00:00+00:00,2024-09-16
DOGE-USD-SWAP,SWAP,0.0002231823769085,-4.45467470143e-05,2024-09-16 00:00:00+00:00,2024-09-16
DOGE-USDT-SWAP,SWAP,1.8840364749e-06,-2.6510721345e-06,2024-09-16 00:00:00+00:00,2024-09-16
DOGE-USDT-SWAP,SWAP,-3.4388164815e-06,0.0001186624984922,2024-09-16 08:00:00+00:00,2024-09-16
DOGE-USDT-SWAP,SWAP,0.000117849071469,-3.28094693689e-05,2024-09-16 16:00:00+00:00,2024-09-16
DOGS-USDT-SWAP,SWAP,0.0002641821388135,0.0001627668159546,2024-09-16 00:00:00+00:00,2024-09-16
DOGS-USDT-SWAP,SWAP,8.9582134e-09,0.0003871483557315,2024-09-16 16:00:00+00:00,2024-09-16
DOGS-USDT-SWAP,SWAP,0.0001646763806508,-5.43871869e-08,2024-09-16 08:00:00+00:00,2024-09-16
DOT-USD-SWAP,SWAP,-2.64768685326e-05,6.35809835857e-05,2024-09-16 08:00:00+00:00,2024-09-16
DOT-USD-SWAP,SWAP,6.14786958491e-05,0.0001028344121406,2024-09-16 16:00:00+00:00,2024-09-16
DOT-USD-SWAP,SWAP,3.36257551167e-05,-2.67021924703e-05,2024-09-16 00:00:00+00:00,2024-09-16
DOT-USDT-SWAP,SWAP,7.24988074155e-05,3.17629028031e-05,2024-09-16 08:00:00+00:00,2024-09-16
DOT-USDT-SWAP,SWAP,3.12810971865e-05,-3.6319219703e-05,2024-09-16 16:00:00+00:00,2024-09-16
DOT-USDT-SWAP,SWAP,0.0001215934848929,7.29590135694e-05,2024-09-16 00:00:00+00:00,2024-09-16
DYDX-USDT-SWAP,SWAP,-1.45842791416e-05,-2.86868053765e-05,2024-09-16 00:00:00+00:00,2024-09-16
DYDX-USDT-SWAP,SWAP,-0.000197495416214,5.79234833384e-05,2024-09-16 16:00:00+00:00,2024-09-16
DYDX-USDT-SWAP,SWAP,-2.97038315601e-05,-0.0001968957349039,2024-09-16 08:00:00+00:00,2024-09-16
EGLD-USDT-SWAP,SWAP,-5.53059459134e-05,-0.0001249205206226,2024-09-16 08:00:00+00:00,2024-09-16
EGLD-USDT-SWAP,SWAP,-0.000124951313939,-0.0001264468511135,2024-09-16 16:00:00+00:00,2024-09-16
EGLD-USDT-SWAP,SWAP,-0.0001281526934405,-5.33405101995e-05,2024-09-16 00:00:00+00:00,2024-09-16
ENJ-USDT-SWAP,SWAP,-0.0005328682852444,-0.0004536244814127,2024-09-16 16:00:00+00:00,2024-09-16
ENJ-USDT-SWAP,SWAP,4.53591867375e-05,-0.0001142820387143,2024-09-16 00:00:00+00:00,2024-09-16
ENJ-USDT-SWAP,SWAP,-0.0001142932100378,-0.0005297917963366,2024-09-16 08:00:00+00:00,2024-09-16
ENS-USDT-SWAP,SWAP,-9.3636626093e-05,6.87012954046e-05,2024-09-16 16:00:00+00:00,2024-09-16
ENS-USDT-SWAP,SWAP,-1.7092290783e-05,-9.22141965219e-05,2024-09-16 08:00:00+00:00,2024-09-16
ENS-USDT-SWAP,SWAP,-3.8845613478e-06,-1.69804729827e-05,2024-09-16 00:00:00+00:00,2024-09-16
EOS-USD-SWAP,SWAP,-0.0002774570458572,-0.0003404055285109,2024-09-16 08:00:00+00:00,2024-09-16
EOS-USD-SWAP,SWAP,-9.98221191854e-05,-0.0002759938585931,2024-09-16 00:00:00+00:00,2024-09-16
EOS-USD-SWAP,SWAP,-0.0003430015812079,-0.0002148107909497,2024-09-16 16:00:00+00:00,2024-09-16
EOS-USDT-SWAP,SWAP,-0.0001485595034451,-4.76511041153e-05,2024-09-16 16:00:00+00:00,2024-09-16
EOS-USDT-SWAP,SWAP,4.2598839747e-06,-3.14051422321e-05,2024-09-16 00:00:00+00:00,2024-09-16
EOS-USDT-SWAP,SWAP,-3.2659537733e-05,-0.0001476896219382,2024-09-16 08:00:00+00:00,2024-09-16
ETC-USD-SWAP,SWAP,-5.54132634574e-05,0.0003312625809972,2024-09-16 16:00:00+00:00,2024-09-16
ETC-USD-SWAP,SWAP,0.0001641553433096,-3.38422317397e-05,2024-09-16 00:00:00+00:00,2024-09-16
ETC-USD-SWAP,SWAP,-3.1562654282e-05,-5.08162197661e-05,2024-09-16 08:00:00+00:00,2024-09-16
ETC-USDT-SWAP,SWAP,6.05216421086e-05,-3.72291902867e-05,2024-09-16 00:00:00+00:00,2024-09-16
ETC-USDT-SWAP,SWAP,-3.60990635389e-05,-9.85187032782e-05,2024-09-16 08:00:00+00:00,2024-09-16
ETC-USDT-SWAP,SWAP,-9.96722135046e-05,8.34119711123e-05,2024-09-16 16:00:00+00:00,2024-09-16
ETH-USD-SWAP,SWAP,-8.28831426729e-05,-7.63472461734e-05,2024-09-16 16:00:00+00:00,2024-09-16
ETH-USD-SWAP,SWAP,8.80710034983e-05,-2.47443020685e-05,2024-09-16 00:00:00+00:00,2024-09-16
ETH-USD-SWAP,SWAP,-2.52450118583e-05,-8.2733147611e-05,2024-09-16 08:00:00+00:00,2024-09-16
ETH-USDC-SWAP,SWAP,7.14904394471e-05,-2.88809640573e-05,2024-09-16 00:00:00+00:00,2024-09-16
ETH-USDC-SWAP,SWAP,-2.95279059439e-05,-5.26176870889e-05,2024-09-16 08:00:00+00:00,2024-09-16
ETH-USDC-SWAP,SWAP,-5.28217539221e-05,-4.6343488938e-05,2024-09-16 16:00:00+00:00,2024-09-16
ETH-USDT-SWAP,SWAP,-4.2753137672e-06,2.10340763403e-05,2024-09-16 16:00:00+00:00,2024-09-16
ETH-USDT-SWAP,SWAP,2.5458756934e-05,-4.6708787353e-06,2024-09-16 08:00:00+00:00,2024-09-16
ETH-USDT-SWAP,SWAP,0.0001038094703037,2.62008400714e-05,2024-09-16 00:00:00+00:00,2024-09-16
ETHFI-USDT-SWAP,SWAP,-0.0001160362343108,1.1540187619e-06,2024-09-16 08:00:00+00:00,2024-09-16
ETHFI-USDT-SWAP,SWAP,-1.5026446709e-06,8.21325349261e-05,2024-09-16 16:00:00+00:00,2024-09-16
ETHFI-USDT-SWAP,SWAP,6.80889449232e-05,-0.0001153503424117,2024-09-16 00:00:00+00:00,2024-09-16
ETHW-USDT-SWAP,SWAP,-6.30773228192e-05,0.000132687806407,2024-09-16 08:00:00+00:00,2024-09-16
ETHW-USDT-SWAP,SWAP,0.0001320333326546,1.4775342004e-06,2024-09-16 16:00:00+00:00,2024-09-16
ETHW-USDT-SWAP,SWAP,5.31375641726e-05,-6.08016884379e-05,2024-09-16 00:00:00+00:00,2024-09-16
FIL-USD-SWAP,SWAP,-5.88304275927e-05,0.0003336987357873,2024-09-16 16:00:00+00:00,2024-09-16
FIL-USD-SWAP,SWAP,0.0002929016523892,0.0001792185871895,2024-09-16 00:00:00+00:00,2024-09-16
FIL-USD-SWAP,SWAP,0.0001786715910449,-5.5841301752e-05,2024-09-16 08:00:00+00:00,2024-09-16
FIL-USDT-SWAP,SWAP,-6.1431912343e-05,-5.73378324707e-05,2024-09-16 16:00:00+00:00,2024-09-16
FIL-USDT-SWAP,SWAP,0.0001109157154572,2.12173474068e-05,2024-09-16 00:00:00+00:00,2024-09-16
FIL-USDT-SWAP,SWAP,1.95010274529e-05,-6.20261305199e-05,2024-09-16 08:00:00+00:00,2024-09-16
FLM-USDT-SWAP,SWAP,4.63125180428e-05,-0.00018280589648,2024-09-16 16:00:00+00:00,2024-09-16
FLM-USDT-SWAP,SWAP,0.0001920198449033,0.0001552752806381,2024-09-16 00:00:00+00:00,2024-09-16
FLM-USDT-SWAP,SWAP,0.0001567376354632,4.70390704766e-05,2024-09-16 08:00:00+00:00,2024-09-16
FLOKI-USDT-SWAP,SWAP,-3.32753957096e-05,-6.31674944171e-05,2024-09-16 16:00:00+00:00,2024-09-16
FLOKI-USDT-SWAP,SWAP,-5.11841419635e-05,-2.35525021583e-05,2024-09-16 00:00:00+00:00,2024-09-16
FLOKI-USDT-SWAP,SWAP,-2.42967831267e-05,-3.29153269428e-05,2024-09-16 08:00:00+00:00,2024-09-16
FLOW-USDT-SWAP,SWAP,1.9152122755e-06,-0.0001240721692166,2024-09-16 16:00:00+00:00,2024-09-16
FLOW-USDT-SWAP,SWAP,0.0001843939649918,4.21932617452e-05,2024-09-16 00:00:00+00:00,2024-09-16
FLOW-USDT-SWAP,SWAP,4.10721857648e-05,4.6026009444e-06,2024-09-16 08:00:00+00:00,2024-09-16
FLR-USDT-SWAP,SWAP,-0.0003370139599832,0.0003107803298858,2024-09-16 00:00:00+00:00,2024-09-16
FLR-USDT-SWAP,SWAP,-0.0002621378314792,-4.38583320077e-05,2024-09-16 16:00:00+00:00,2024-09-16
FLR-USDT-SWAP,SWAP,0.0003114669921578,-0.0002586641012027,2024-09-16 08:00:00+00:00,2024-09-16
FOXY-USDT-SWAP,SWAP,-0.0002492671371568,-0.0001295160713502,2024-09-16 08:00:00+00:00,2024-09-16
FOXY-USDT-SWAP,SWAP,-0.0001342843987099,5.9451239763e-05,2024-09-16 16:00:00+00:00,2024-09-16
FOXY-USDT-SWAP,SWAP,-0.0002683555852349,-0.0002545448154811,2024-09-16 00:00:00+00:00,2024-09-16
FTM-USDT-SWAP,SWAP,0.0001392511209788,-4.08492858506e-05,2024-09-16 16:00:00+00:00,2024-09-16
FTM-USDT-SWAP,SWAP,-3.45237045532e-05,0.0001056671696941,2024-09-16 00:00:00+00:00,2024-09-16
FTM-USDT-SWAP,SWAP,0.0001060516468489,0.000139641729282,2024-09-16 08:00:00+00:00,2024-09-16
FXS-USDT-SWAP,SWAP,-8.8808326304e-06,-0.0003765105269891,2024-09-16 08:00:00+00:00,2024-09-16
FXS-USDT-SWAP,SWAP,-0.0003765329851946,-0.0002082857686561,2024-09-16 16:00:00+00:00,2024-09-16
FXS-USDT-SWAP,SWAP,-5.19893013381e-05,-6.6964685892e-06,2024-09-16 00:00:00+00:00,2024-09-16
GALA-USDT-SWAP,SWAP,-0.0001418432088518,1.22246876973e-05,2024-09-16 16:00:00+00:00,2024-09-16
GALA-USDT-SWAP,SWAP,9.08087123272e-05,-0.0001383637276284,2024-09-16 08:00:00+00:00,2024-09-16
GALA-USDT-SWAP,SWAP,0.000125846335627,8.96777042587e-05,2024-09-16 00:00:00+00:00,2024-09-16
GAS-USDT-SWAP,SWAP,-0.0001716083221259,0.000430103857276,2024-09-16 16:00:00+00:00,2024-09-16
GAS-USDT-SWAP,SWAP,8.43310997062e-05,8.43310997062e-05,2024-09-16 12:00:00+00:00,2024-09-16
GAS-USDT-SWAP,SWAP,1.07225063603e-05,1.07225063603e-05,2024-09-16 04:00:00+00:00,2024-09-16
GAS-USDT-SWAP,SWAP,-1.44831605239e-05,-1.44831605239e-05,2024-09-16 20:00:00+00:00,2024-09-16
GAS-USDT-SWAP,SWAP,4.82103554598e-05,-0.0001271881514033,2024-09-16 00:00:00+00:00,2024-09-16
GAS-USDT-SWAP,SWAP,-0.0001296887740332,-0.0001791636553272,2024-09-16 08:00:00+00:00,2024-09-16
GFT-USDT-SWAP,SWAP,-0.0001362343135815,0.0001015610416056,2024-09-16 16:00:00+00:00,2024-09-16
GFT-USDT-SWAP,SWAP,0.0002637203358834,-0.0001140260424899,2024-09-16 00:00:00+00:00,2024-09-16
GFT-USDT-SWAP,SWAP,-0.0001134562114137,-0.0001345052139065,2024-09-16 08:00:00+00:00,2024-09-16
GLM-USDT-SWAP,SWAP,-0.000692090937326,-0.0003429053824231,2024-09-16 16:00:00+00:00,2024-09-16
GLM-USDT-SWAP,SWAP,-0.0001561654079229,-0.000692793301595,2024-09-16 08:00:00+00:00,2024-09-16
GLM-USDT-SWAP,SWAP,-0.0002984583845825,-0.0001539323232223,2024-09-16 00:00:00+00:00,2024-09-16
GMT-USDT-SWAP,SWAP,-4.4861468056e-05,7.96274611144e-05,2024-09-16 00:00:00+00:00,2024-09-16
GMT-USDT-SWAP,SWAP,7.96219353362e-05,4.21818082505e-05,2024-09-16 08:00:00+00:00,2024-09-16
GMT-USDT-SWAP,SWAP,3.90440220309e-05,-0.0001141343366108,2024-09-16 16:00:00+00:00,2024-09-16
GMX-USDT-SWAP,SWAP,-4.36016648708e-05,-9.6051810274e-06,2024-09-16 00:00:00+00:00,2024-09-16
GMX-USDT-SWAP,SWAP,-1.22138424453e-05,-0.0002126299667238,2024-09-16 08:00:00+00:00,2024-09-16
GMX-USDT-SWAP,SWAP,-0.0002135941982414,-0.0001418871908936,2024-09-16 16:00:00+00:00,2024-09-16
GODS-USDT-SWAP,SWAP,-9.51319747745e-05,-1.53446758019e-05,2024-09-16 08:00:00+00:00,2024-09-16
GODS-USDT-SWAP,SWAP,-2.36156632244e-05,4.55480873157e-05,2024-09-16 16:00:00+00:00,2024-09-16
GODS-USDT-SWAP,SWAP,-0.0001014046934409,-9.94837703173e-05,2024-09-16 00:00:00+00:00,2024-09-16
GPT-USDT-SWAP,SWAP,-0.0002898206634459,8.76711164584e-05,2024-09-16 00:00:00+00:00,2024-09-16
GPT-USDT-SWAP,SWAP,0.00010889163026,0.0002463949206799,2024-09-16 16:00:00+00:00,2024-09-16
GPT-USDT-SWAP,SWAP,8.39911947884e-05,0.0001059545225541,2024-09-16 08:00:00+00:00,2024-09-16
GRT-USD-SWAP,SWAP,-9.04182259306e-05,-7.88340284549e-05,2024-09-16 08:00:00+00:00,2024-09-16
GRT-USD-SWAP,SWAP,-8.02683388172e-05,0.0002688016676668,2024-09-16 16:00:00+00:00,2024-09-16
GRT-USD-SWAP,SWAP,0.000293888819703,-9.11220547595e-05,2024-09-16 00:00:00+00:00,2024-09-16
GRT-USDT-SWAP,SWAP,5.62353802093e-05,-1.57489241474e-05,2024-09-16 08:00:00+00:00,2024-09-16
GRT-USDT-SWAP,SWAP,-1.71837471283e-05,8.75038845132e-05,2024-09-16 16:00:00+00:00,2024-09-16
GRT-USDT-SWAP,SWAP,0.0001090362076408,5.48333833734e-05,2024-09-16 00:00:00+00:00,2024-09-16
HBAR-USDT-SWAP,SWAP,-5.04403854909e-05,-0.0002600887896275,2024-09-16 16:00:00+00:00,2024-09-16
HBAR-USDT-SWAP,SWAP,0.0001008597224728,4.6801164225e-06,2024-09-16 00:00:00+00:00,2024-09-16
HBAR-USDT-SWAP,SWAP,3.6728186981e-06,-5.0622066249e-05,2024-09-16 08:00:00+00:00,2024-09-16
ICP-USDT-SWAP,SWAP,-1.76721792009e-05,1.46000493809e-05,2024-09-16 16:00:00+00:00,2024-09-16
ICP-USDT-SWAP,SWAP,5.19587450168e-05,6.14305758096e-05,2024-09-16 00:00:00+00:00,2024-09-16
ICP-USDT-SWAP,SWAP,6.15653817705e-05,-1.64362115317e-05,2024-09-16 08:00:00+00:00,2024-09-16
ICX-USDT-SWAP,SWAP,-0.000118566877355,-0.0001551070281654,2024-09-16 16:00:00+00:00,2024-09-16
ICX-USDT-SWAP,SWAP,0.0001265240979151,-0.0001035418220019,2024-09-16 00:00:00+00:00,2024-09-16
ICX-USDT-SWAP,SWAP,-0.0001051587186205,-0.0001202195083226,2024-09-16 08:00:00+00:00,2024-09-16
ID-USDT-SWAP,SWAP,-0.0003430249560399,-7.6862994506e-05,2024-09-16 16:00:00+00:00,2024-09-16
ID-USDT-SWAP,SWAP,-0.0002497046973397,-0.0001354436823539,2024-09-16 00:00:00+00:00,2024-09-16
ID-USDT-SWAP,SWAP,-0.0001366375696509,-0.0003435937808307,2024-09-16 08:00:00+00:00,2024-09-16
IMX-USDT-SWAP,SWAP,-0.0001713618557011,-0.000126272782319,2024-09-16 08:00:00+00:00,2024-09-16
IMX-USDT-SWAP,SWAP,-6.68992573993e-05,-0.0001711295788173,2024-09-16 00:00:00+00:00,2024-09-16
IMX-USDT-SWAP,SWAP,-0.0001283013272959,2.49760203305e-05,2024-09-16 16:00:00+00:00,2024-09-16
INJ-USDT-SWAP,SWAP,0.0001033685388099,-7.80995460208e-05,2024-09-16 16:00:00+00:00,2024-09-16
INJ-USDT-SWAP,SWAP,2.01064573716e-05,0.0001041535728345,2024-09-16 08:00:00+00:00,2024-09-16
INJ-USDT-SWAP,SWAP,1.03117521489e-05,1.96327531426e-05,2024-09-16 00:00:00+00:00,2024-09-16
IOST-USDT-SWAP,SWAP,-6.95031684296e-05,-0.0002588096442036,2024-09-16 00:00:00+00:00,2024-09-16
IOST-USDT-SWAP,SWAP,-0.0002598924577864,-0.0002333025205938,2024-09-16 08:00:00+00:00,2024-09-16
IOST-USDT-SWAP,SWAP,-0.000234874678133,-0.0002759867694633,2024-09-16 16:00:00+00:00,2024-09-16
IOTA-USDT-SWAP,SWAP,-5.75618754224e-05,7.21148343789e-05,2024-09-16 16:00:00+00:00,2024-09-16
IOTA-USDT-SWAP,SWAP,2.22374773231e-05,-2.59901933819e-05,2024-09-16 00:00:00+00:00,2024-09-16
IOTA-USDT-SWAP,SWAP,-2.59997230058e-05,-5.92270359271e-05,2024-09-16 08:00:00+00:00,2024-09-16
JOE-USDT-SWAP,SWAP,-6.73346416693e-05,0.0002439293475258,2024-09-16 16:00:00+00:00,2024-09-16
JOE-USDT-SWAP,SWAP,0.0002368833046516,0.0001974802530787,2024-09-16 00:00:00+00:00,2024-09-16
JOE-USDT-SWAP,SWAP,0.0001953827525841,-6.42317915221e-05,2024-09-16 08:00:00+00:00,2024-09-16
JST-USDT-SWAP,SWAP,-0.0004908074491486,-0.0002380331029336,2024-09-16 16:00:00+00:00,2024-09-16
JST-USDT-SWAP,SWAP,9.92915332124e-05,-9.14757448177e-05,2024-09-16 00:00:00+00:00,2024-09-16
JST-USDT-SWAP,SWAP,-9.22149209812e-05,-0.000491547022348,2024-09-16 08:00:00+00:00,2024-09-16
JTO-USDT-SWAP,SWAP,7.3463206238e-06,6.82425232956e-05,2024-09-16 00:00:00+00:00,2024-09-16
JTO-USDT-SWAP,SWAP,4.67125202653e-05,0.0001396197698893,2024-09-16 16:00:00+00:00,2024-09-16
JTO-USDT-SWAP,SWAP,6.72267564548e-05,4.67420446758e-05,2024-09-16 08:00:00+00:00,2024-09-16
JUP-USDT-SWAP,SWAP,-8.00035889605e-05,-0.0002260621029542,2024-09-16 08:00:00+00:00,2024-09-16
JUP-USDT-SWAP,SWAP,-0.0002266478806061,-0.0003003855411714,2024-09-16 16:00:00+00:00,2024-09-16
JUP-USDT-SWAP,SWAP,-4.90655725596e-05,-7.94583815502e-05,2024-09-16 00:00:00+00:00,2024-09-16
KISHU-USDT-SWAP,SWAP,0.0014171875686707,0.0026839613016066,2024-09-16 08:00:00+00:00,2024-09-16
KISHU-USDT-SWAP,SWAP,0.0026668628315713,0.0027912295857403,2024-09-16 16:00:00+00:00,2024-09-16
KISHU-USDT-SWAP,SWAP,-0.0016431921263932,0.0014172916936873,2024-09-16 00:00:00+00:00,2024-09-16
KLAY-USDT-SWAP,SWAP,-0.000383113263818,-0.0001025089534249,2024-09-16 16:00:00+00:00,2024-09-16
KLAY-USDT-SWAP,SWAP,-0.0002337390311412,-0.0003814791311162,2024-09-16 08:00:00+00:00,2024-09-16
KLAY-USDT-SWAP,SWAP,0.0001263586397688,-0.0002321813880761,2024-09-16 00:00:00+00:00,2024-09-16
KNC-USDT-SWAP,SWAP,-0.0005341682794652,-0.000515180633297,2024-09-16 16:00:00+00:00,2024-09-16
KNC-USDT-SWAP,SWAP,-0.0002913202347524,-0.0005348938425021,2024-09-16 08:00:00+00:00,2024-09-16
KNC-USDT-SWAP,SWAP,-1.59354615476e-05,-0.0002910844034944,2024-09-16 00:00:00+00:00,2024-09-16
KSM-USDT-SWAP,SWAP,-0.0003555678757134,2.87021480598e-05,2024-09-16 16:00:00+00:00,2024-09-16
KSM-USDT-SWAP,SWAP,-0.000768222044216,-0.0006055045318385,2024-09-16 00:00:00+00:00,2024-09-16
KSM-USDT-SWAP,SWAP,-0.0006045048688351,-0.000354531529751,2024-09-16 08:00:00+00:00,2024-09-16
LDO-USDT-SWAP,SWAP,0.0001894803853308,-3.28503722802e-05,2024-09-16 00:00:00+00:00,2024-09-16
LDO-USDT-SWAP,SWAP,0.0001331977185869,0.0001540065450901,2024-09-16 16:00:00+00:00,2024-09-16
LDO-USDT-SWAP,SWAP,-3.69094756755e-05,0.0001312028297472,2024-09-16 08:00:00+00:00,2024-09-16
LINK-USD-SWAP,SWAP,-6.05358825432e-05,-1.38966571226e-05,2024-09-16 16:00:00+00:00,2024-09-16
LINK-USD-SWAP,SWAP,3.81214811745e-05,7.43827739829e-05,2024-09-16 00:00:00+00:00,2024-09-16
LINK-USD-SWAP,SWAP,7.33661314137e-05,-5.89092989148e-05,2024-09-16 08:00:00+00:00,2024-09-16
LINK-USDT-SWAP,SWAP,5.62914040045e-05,-5.12354458912e-05,2024-09-16 16:00:00+00:00,2024-09-16
LINK-USDT-SWAP,SWAP,-5.7386712591e-06,7.45101798563e-05,2024-09-16 00:00:00+00:00,2024-09-16
LINK-USDT-SWAP,SWAP,7.48803125317e-05,5.60949868317e-05,2024-09-16 08:00:00+00:00,2024-09-16
LOOKS-USDT-SWAP,SWAP,0.0001080284880819,0.0001248212082301,2024-09-16 08:00:00+00:00,2024-09-16
LOOKS-USDT-SWAP,SWAP,0.000516528151799,0.000108981958715,2024-09-16 00:00:00+00:00,2024-09-16
LOOKS-USDT-SWAP,SWAP,0.0001208537236268,-0.0001645497642431,2024-09-16 16:00:00+00:00,2024-09-16
LPT-USDT-SWAP,SWAP,-0.0001450847103974,-0.0002196050781952,2024-09-16 08:00:00+00:00,2024-09-16
LPT-USDT-SWAP,SWAP,-0.00021770757911,-0.0001916955819879,2024-09-16 16:00:00+00:00,2024-09-16
LPT-USDT-SWAP,SWAP,-0.000227029257284,-0.0001417721464402,2024-09-16 00:00:00+00:00,2024-09-16
LQTY-USDT-SWAP,SWAP,0.0002300499135486,8.10874685319e-05,2024-09-16 16:00:00+00:00,2024-09-16
LQTY-USDT-SWAP,SWAP,1.25712908257e-05,0.0002189212449116,2024-09-16 00:00:00+00:00,2024-09-16
LQTY-USDT-SWAP,SWAP,0.0002192751119709,0.0002336928696033,2024-09-16 08:00:00+00:00,2024-09-16
LRC-USDT-SWAP,SWAP,2.87407445448e-05,-5.56089792291e-05,2024-09-16 00:00:00+00:00,2024-09-16
LRC-USDT-SWAP,SWAP,-3.9302095511e-05,2.66148381316e-05,2024-09-16 16:00:00+00:00,2024-09-16
LRC-USDT-SWAP,SWAP,-5.90335575724e-05,-4.09924419753e-05,2024-09-16 08:00:00+00:00,2024-09-16
LSK-USDT-SWAP,SWAP,-0.0004653312414993,-4.50331968217e-05,2024-09-16 16:00:00+00:00,2024-09-16
LSK-USDT-SWAP,SWAP,1.70024969643e-05,8.11299656535e-05,2024-09-16 00:00:00+00:00,2024-09-16
LSK-USDT-SWAP,SWAP,8.26770963445e-05,-0.0004637786373219,2024-09-16 08:00:00+00:00,2024-09-16
LTC-USD-SWAP,SWAP,3.5384984114e-06,0.0001085141741818,2024-09-16 00:00:00+00:00,2024-09-16
LTC-USD-SWAP,SWAP,0.0001081964018498,4.5304008394e-05,2024-09-16 08:00:00+00:00,2024-09-16
LTC-USD-SWAP,SWAP,4.36612830846e-05,9.5773218103e-06,2024-09-16 16:00:00+00:00,2024-09-16
LTC-USDT-SWAP,SWAP,2.37274331677e-05,-5.374859537e-06,2024-09-16 16:00:00+00:00,2024-09-16
LTC-USDT-SWAP,SWAP,0.0001005962448583,9.159577416e-07,2024-09-16 00:00:00+00:00,2024-09-16
LTC-USDT-SWAP,SWAP,2.717473879e-07,2.40663338886e-05,2024-09-16 08:00:00+00:00,2024-09-16
LUNA-USDT-SWAP,SWAP,-1.31619494626e-05,-3.98361725061e-05,2024-09-16 00:00:00+00:00,2024-09-16
LUNA-USDT-SWAP,SWAP,-7.1806319104e-05,5.90762574979e-05,2024-09-16 16:00:00+00:00,2024-09-16
LUNA-USDT-SWAP,SWAP,-3.93581531115e-05,-7.07384946553e-05,2024-09-16 08:00:00+00:00,2024-09-16
LUNC-USDT-SWAP,SWAP,7.3759523402e-06,0.0001305035895886,2024-09-16 00:00:00+00:00,2024-09-16
LUNC-USDT-SWAP,SWAP,0.0001004124622314,-0.0002269142166104,2024-09-16 16:00:00+00:00,2024-09-16
LUNC-USDT-SWAP,SWAP,0.0001294413870053,0.0001007906541714,2024-09-16 08:00:00+00:00,2024-09-16
MAGIC-USDT-SWAP,SWAP,-0.000226635477179,-3.16263252029e-05,2024-09-16 16:00:00+00:00,2024-09-16
MAGIC-USDT-SWAP,SWAP,0.0002196065008158,-0.0001266134739977,2024-09-16 00:00:00+00:00,2024-09-16
MAGIC-USDT-SWAP,SWAP,-0.0001292968420645,-0.0002268772332223,2024-09-16 08:00:00+00:00,2024-09-16
MANA-USD-SWAP,SWAP,1.26592767871e-05,0.0001313987141459,2024-09-16 16:00:00+00:00,2024-09-16
MANA-USD-SWAP,SWAP,0.0001572120511041,-3.96246204546e-05,2024-09-16 00:00:00+00:00,2024-09-16
MANA-USD-SWAP,SWAP,-4.0001880486e-05,1.49545530347e-05,2024-09-16 08:00:00+00:00,2024-09-16
MANA-USDT-SWAP,SWAP,-1.72890126634e-05,-4.3220172533e-06,2024-09-16 08:00:00+00:00,2024-09-16
MANA-USDT-SWAP,SWAP,-5.8820162133e-06,-4.56675360103e-05,2024-09-16 16:00:00+00:00,2024-09-16
MANA-USDT-SWAP,SWAP,-5.65013445562e-05,-1.57892646739e-05,2024-09-16 00:00:00+00:00,2024-09-16
MASK-USDT-SWAP,SWAP,-4.29503355433e-05,0.0001771711483597,2024-09-16 16:00:00+00:00,2024-09-16
MASK-USDT-SWAP,SWAP,0.0001219296520337,-4.29474518294e-05,2024-09-16 08:00:00+00:00,2024-09-16
MASK-USDT-SWAP,SWAP,5.70492505227e-05,0.0001248852955431,2024-09-16 00:00:00+00:00,2024-09-16
MAX-USDT-SWAP,SWAP,-5.60369579722e-05,1.77684489329e-05,2024-09-16 16:00:00+00:00,2024-09-16
MAX-USDT-SWAP,SWAP,-7.94740332352e-05,-5.44811365672e-05,2024-09-16 08:00:00+00:00,2024-09-16
MAX-USDT-SWAP,SWAP,0.0001305218747615,-8.0825537731e-05,2024-09-16 00:00:00+00:00,2024-09-16
MEME-USDT-SWAP,SWAP,3.04970715929e-05,-0.0001086160287435,2024-09-16 08:00:00+00:00,2024-09-16
MEME-USDT-SWAP,SWAP,-0.000110728382869,4.13253590278e-05,2024-09-16 16:00:00+00:00,2024-09-16
MEME-USDT-SWAP,SWAP,8.67036254169e-05,3.04991017998e-05,2024-09-16 00:00:00+00:00,2024-09-16
MERL-USDT-SWAP,SWAP,0.0001204750482832,0.0001190631834323,2024-09-16 00:00:00+00:00,2024-09-16
MERL-USDT-SWAP,SWAP,-0.0004580912834274,3.07140000646e-05,2024-09-16 16:00:00+00:00,2024-09-16
MERL-USDT-SWAP,SWAP,0.0001247021099749,-0.0004608176269044,2024-09-16 08:00:00+00:00,2024-09-16
METIS-USDT-SWAP,SWAP,-0.0001585381528957,-3.45380131894e-05,2024-09-16 16:00:00+00:00,2024-09-16
METIS-USDT-SWAP,SWAP,-7.78650341634e-05,-9.36095342411e-05,2024-09-16 00:00:00+00:00,2024-09-16
METIS-USDT-SWAP,SWAP,-9.36081285905e-05,-0.0001585555800671,2024-09-16 08:00:00+00:00,2024-09-16
MEW-USDT-SWAP,SWAP,2.33498372396e-05,-1.1287127163e-06,2024-09-16 00:00:00+00:00,2024-09-16
MEW-USDT-SWAP,SWAP,-2.0894359482e-06,-0.0001085631479499,2024-09-16 08:00:00+00:00,2024-09-16
MEW-USDT-SWAP,SWAP,-0.0001100751080887,-0.0001012807772952,2024-09-16 16:00:00+00:00,2024-09-16
MINA-USDT-SWAP,SWAP,3.61979050605e-05,-9.24175324209e-05,2024-09-16 16:00:00+00:00,2024-09-16
MINA-USDT-SWAP,SWAP,0.0001483519390648,0.0001483519390648,2024-09-16 04:00:00+00:00,2024-09-16
MINA-USDT-SWAP,SWAP,6.41910078602e-05,6.41910078602e-05,2024-09-16 20:00:00+00:00,2024-09-16
MINA-USDT-SWAP,SWAP,3.58694870457e-05,3.58694870457e-05,2024-09-16 12:00:00+00:00,2024-09-16
MINA-USDT-SWAP,SWAP,0.0001115326672539,1.97532918087e-05,2024-09-16 00:00:00+00:00,2024-09-16
MINA-USDT-SWAP,SWAP,2.02238764737e-05,3.57671999606e-05,2024-09-16 08:00:00+00:00,2024-09-16
MKR-USDT-SWAP,SWAP,-6.86918188392e-05,-0.0002053558004087,2024-09-16 16:00:00+00:00,2024-09-16
MKR-USDT-SWAP,SWAP,7.70819805265e-05,-6.71942186062e-05,2024-09-16 08:00:00+00:00,2024-09-16
MKR-USDT-SWAP,SWAP,7.51310707931e-05,7.87633220973e-05,2024-09-16 00:00:00+00:00,2024-09-16
MOVR-USDT-SWAP,SWAP,-0.0001106685954669,6.941192726e-06,2024-09-16 00:00:00+00:00,2024-09-16
MOVR-USDT-SWAP,SWAP,6.3929298256e-05,-2.86893986924e-05,2024-09-16 16:00:00+00:00,2024-09-16
MOVR-USDT-SWAP,SWAP,1.4913748502e-06,6.0289253385e-05,2024-09-16 08:00:00+00:00,2024-09-16
NEAR-USDT-SWAP,SWAP,8.04992810276e-05,7.54742721924e-05,2024-09-16 08:00:00+00:00,2024-09-16
NEAR-USDT-SWAP,SWAP,7.54852806541e-05,1.31900228679e-05,2024-09-16 16:00:00+00:00,2024-09-16
NEAR-USDT-SWAP,SWAP,0.0001378070752134,8.14821948153e-05,2024-09-16 00:00:00+00:00,2024-09-16
NEIROETH-USDT-SWAP,SWAP,0.0001050059486015,0.0010267782749308,2024-09-16 16:00:00+00:00,2024-09-16
NEIROETH-USDT-SWAP,SWAP,4.35907628844e-05,4.35907628844e-05,2024-09-16 04:00:00+00:00,2024-09-16
NEIROETH-USDT-SWAP,SWAP,0.0004989422370556,0.0004989422370556,2024-09-16 12:00:00+00:00,2024-09-16
NEIROETH-USDT-SWAP,SWAP,0.0010320176719245,0.0010320176719245,2024-09-16 20:00:00+00:00,2024-09-16
NEIROETH-USDT-SWAP,SWAP,-0.0005326537255879,9.78085646777e-05,2024-09-16 08:00:00+00:00,2024-09-16
NEIROETH-USDT-SWAP,SWAP,0.0004266666748869,-0.0005292380624521,2024-09-16 00:00:00+00:00,2024-09-16
NEO-USD-SWAP,SWAP,0.0001030808617601,-2.87984641472e-05,2024-09-16 00:00:00+00:00,2024-09-16
NEO-USD-SWAP,SWAP,-2.98887134741e-05,-4.83333917884e-05,2024-09-16 08:00:00+00:00,2024-09-16
NEO-USD-SWAP,SWAP,-4.98066693003e-05,2.96148013237e-05,2024-09-16 16:00:00+00:00,2024-09-16
NEO-USDT-SWAP,SWAP,1.00192547392e-05,-1.34461734241e-05,2024-09-16 16:00:00+00:00,2024-09-16
NEO-USDT-SWAP,SWAP,6.08872650727e-05,7.9046874149e-06,2024-09-16 00:00:00+00:00,2024-09-16
NEO-USDT-SWAP,SWAP,4.8514115826e-06,1.00561993452e-05,2024-09-16 08:00:00+00:00,2024-09-16
NFT-USDT-SWAP,SWAP,-0.0004653844270421,-0.0005114446122477,2024-09-16 00:00:00+00:00,2024-09-16
NFT-USDT-SWAP,SWAP,-0.0004153698359938,7.6970902197e-06,2024-09-16 16:00:00+00:00,2024-09-16
NFT-USDT-SWAP,SWAP,-0.0005076573459383,-0.0004158759356372,2024-09-16 08:00:00+00:00,2024-09-16
NMR-USDT-SWAP,SWAP,-0.0002482088621049,4.5508916554e-06,2024-09-16 16:00:00+00:00,2024-09-16
NMR-USDT-SWAP,SWAP,-0.0001534312649161,-0.0002481683441281,2024-09-16 08:00:00+00:00,2024-09-16
NMR-USDT-SWAP,SWAP,-0.0002174580384736,-0.000150569008863,2024-09-16 00:00:00+00:00,2024-09-16
NOT-USDT-SWAP,SWAP,0.0002278322371927,0.0001540559678548,2024-09-16 00:00:00+00:00,2024-09-16
NOT-USDT-SWAP,SWAP,0.0001559088829496,5.1480716799e-06,2024-09-16 08:00:00+00:00,2024-09-16
NOT-USDT-SWAP,SWAP,-2.28907504e-08,2.47959602992e-05,2024-09-16 16:00:00+00:00,2024-09-16
OM-USDT-SWAP,SWAP,-0.0002726557548508,1.87379167888e-05,2024-09-16 16:00:00+00:00,2024-09-16
OM-USDT-SWAP,SWAP,-0.0004022974294873,-0.0002749827280162,2024-09-16 08:00:00+00:00,2024-09-16
OM-USDT-SWAP,SWAP,-0.0001765494776851,-0.0004001401810101,2024-09-16 00:00:00+00:00,2024-09-16
ONDO-USDT-SWAP,SWAP,9.21709077534e-05,0.0001110093898466,2024-09-16 00:00:00+00:00,2024-09-16
ONDO-USDT-SWAP,SWAP,0.0001102010579514,-5.90131594603e-05,2024-09-16 08:00:00+00:00,2024-09-16
ONDO-USDT-SWAP,SWAP,-5.91996384165e-05,-2.24993788262e-05,2024-09-16 16:00:00+00:00,2024-09-16
ONE-USDT-SWAP,SWAP,0.0001150487763518,4.75367488062e-05,2024-09-16 00:00:00+00:00,2024-09-16
ONE-USDT-SWAP,SWAP,-0.0002108315127063,-5.52101628918e-05,2024-09-16 16:00:00+00:00,2024-09-16
ONE-USDT-SWAP,SWAP,4.92196408358e-05,-0.0002073068228964,2024-09-16 08:00:00+00:00,2024-09-16
ONT-USDT-SWAP,SWAP,0.0001049252717785,-8.66953474082e-05,2024-09-16 00:00:00+00:00,2024-09-16
ONT-USDT-SWAP,SWAP,5.87686446777e-05,-0.000138701617665,2024-09-16 16:00:00+00:00,2024-09-16
ONT-USDT-SWAP,SWAP,-8.79020446935e-05,5.87875249224e-05,2024-09-16 08:00:00+00:00,2024-09-16
OP-USD-SWAP,SWAP,-0.0001230413745081,-2.97934333935e-05,2024-09-16 16:00:00+00:00,2024-09-16
OP-USD-SWAP,SWAP,-9.39209771502e-05,-0.0001228752520214,2024-09-16 08:00:00+00:00,2024-09-16
OP-USD-SWAP,SWAP,-2.76249438241e-05,-9.28536257392e-05,2024-09-16 00:00:00+00:00,2024-09-16
OP-USDT-SWAP,SWAP,7.02073789215e-05,-3.2140351626e-06,2024-09-16 00:00:00+00:00,2024-09-16
OP-USDT-SWAP,SWAP,-3.080962149e-06,1.34229614917e-05,2024-09-16 08:00:00+00:00,2024-09-16
OP-USDT-SWAP,SWAP,1.21627145666e-05,-3.1542851004e-05,2024-09-16 16:00:00+00:00,2024-09-16
ORBS-USDT-SWAP,SWAP,0.0002762504231653,0.0002650595060689,2024-09-16 00:00:00+00:00,2024-09-16
ORBS-USDT-SWAP,SWAP,0.0002615009478362,0.0003397257771161,2024-09-16 08:00:00+00:00,2024-09-16
ORBS-USDT-SWAP,SWAP,0.0003397071603291,0.0002080264931725,2024-09-16 16:00:00+00:00,2024-09-16
ORBS-USDT-SWAP,SWAP,-0.0001124797795772,-0.0001124797795772,2024-09-16 04:00:00+00:00,2024-09-16
ORBS-USDT-SWAP,SWAP,-0.0001701153847279,-0.0001701153847279,2024-09-16 12:00:00+00:00,2024-09-16
ORBS-USDT-SWAP,SWAP,-5.83165084576e-05,-5.83165084576e-05,2024-09-16 20:00:00+00:00,2024-09-16
ORDI-USDT-SWAP,SWAP,3.97974730394e-05,2.44202914159e-05,2024-09-16 16:00:00+00:00,2024-09-16
ORDI-USDT-SWAP,SWAP,0.0001504700677096,3.73270683036e-05,2024-09-16 00:00:00+00:00,2024-09-16
ORDI-USDT-SWAP,SWAP,3.64909841257e-05,3.97544065253e-05,2024-09-16 08:00:00+00:00,2024-09-16
PEOPLE-USDT-SWAP,SWAP,-4.44919877621e-05,9.68042520112e-05,2024-09-16 16:00:00+00:00,2024-09-16
PEOPLE-USDT-SWAP,SWAP,0.0001522877108437,-4.48277459949e-05,2024-09-16 08:00:00+00:00,2024-09-16
PEOPLE-USDT-SWAP,SWAP,1.0672789406e-06,0.0001533439649592,2024-09-16 00:00:00+00:00,2024-09-16
PEPE-USDT-SWAP,SWAP,8.32188541539e-05,-3.25817801398e-05,2024-09-16 16:00:00+00:00,2024-09-16
PEPE-USDT-SWAP,SWAP,8.22839394853e-05,8.29423064959e-05,2024-09-16 08:00:00+00:00,2024-09-16
PEPE-USDT-SWAP,SWAP,5.31890513297e-05,8.20157132873e-05,2024-09-16 00:00:00+00:00,2024-09-16
PERP-USDT-SWAP,SWAP,-0.0003243528522018,0.0001295944146167,2024-09-16 16:00:00+00:00,2024-09-16
PERP-USDT-SWAP,SWAP,-8.03086558942e-05,-0.0003236313195229,2024-09-16 08:00:00+00:00,2024-09-16
PERP-USDT-SWAP,SWAP,-3.84683897152e-05,-7.86194480948e-05,2024-09-16 00:00:00+00:00,2024-09-16
POPCAT-USDT-SWAP,SWAP,0.000268757021027,-3.92208054483e-05,2024-09-16 16:00:00+00:00,2024-09-16
POPCAT-USDT-SWAP,SWAP,-0.0002111485904088,4.97016927863e-05,2024-09-16 00:00:00+00:00,2024-09-16
POPCAT-USDT-SWAP,SWAP,6.42231241746e-05,6.42231241746e-05,2024-09-16 04:00:00+00:00,2024-09-16
POPCAT-USDT-SWAP,SWAP,0.000330832326317,0.000330832326317,2024-09-16 12:00:00+00:00,2024-09-16
POPCAT-USDT-SWAP,SWAP,2.79299746228e-05,2.79299746228e-05,2024-09-16 20:00:00+00:00,2024-09-16
POPCAT-USDT-SWAP,SWAP,5.14536595569e-05,0.0002621758822293,2024-09-16 08:00:00+00:00,2024-09-16
PRCL-USDT-SWAP,SWAP,-0.0002943298044918,-0.0005723684239521,2024-09-16 00:00:00+00:00,2024-09-16
PRCL-USDT-SWAP,SWAP,-0.0005758134130588,-0.0001714803054623,2024-09-16 08:00:00+00:00,2024-09-16
PRCL-USDT-SWAP,SWAP,-0.0001731251992824,0.0002549129154982,2024-09-16 16:00:00+00:00,2024-09-16
PYTH-USDT-SWAP,SWAP,0.0001116627972729,2.94280042418e-05,2024-09-16 08:00:00+00:00,2024-09-16
PYTH-USDT-SWAP,SWAP,2.80010892882e-05,1.27556150829e-05,2024-09-16 16:00:00+00:00,2024-09-16
PYTH-USDT-SWAP,SWAP,8.7352290546e-05,0.0001102544200142,2024-09-16 00:00:00+00:00,2024-09-16
QTUM-USDT-SWAP,SWAP,-9.398839643e-06,-0.0001700870190021,2024-09-16 08:00:00+00:00,2024-09-16
QTUM-USDT-SWAP,SWAP,-0.0001705760567843,-8.9616650447e-06,2024-09-16 16:00:00+00:00,2024-09-16
QTUM-USDT-SWAP,SWAP,-6.76663586352e-05,-9.3958509433e-06,2024-09-16 00:00:00+00:00,2024-09-16
RACA-USDT-SWAP,SWAP,0.0004118961953264,-0.0001314015471616,2024-09-16 00:00:00+00:00,2024-09-16
RACA-USDT-SWAP,SWAP,-0.0002160650292664,-5.25709104514e-05,2024-09-16 16:00:00+00:00,2024-09-16
RACA-USDT-SWAP,SWAP,-0.0001320971945764,-0.0002132113254625,2024-09-16 08:00:00+00:00,2024-09-16
RAY-USDT-SWAP,SWAP,-0.0001895503465518,-0.0003184863311372,2024-09-16 08:00:00+00:00,2024-09-16
RAY-USDT-SWAP,SWAP,-0.000319662382481,-0.0001726969591037,2024-09-16 16:00:00+00:00,2024-09-16
RAY-USDT-SWAP,SWAP,0.000102389413573,-0.0001876861147358,2024-09-16 00:00:00+00:00,2024-09-16
RDNT-USDT-SWAP,SWAP,-0.0002781872586349,-0.0002000117909527,2024-09-16 16:00:00+00:00,2024-09-16
RDNT-USDT-SWAP,SWAP,-0.0003333227322398,-0.0002739695415505,2024-09-16 08:00:00+00:00,2024-09-16
RDNT-USDT-SWAP,SWAP,-0.0002886015424218,-0.0003345356552854,2024-09-16 00:00:00+00:00,2024-09-16
RENDER-USDT-SWAP,SWAP,-0.0001196619936234,-0.0001642082882873,2024-09-16 16:00:00+00:00,2024-09-16
RENDER-USDT-SWAP,SWAP,-1.4268623049e-05,-6.47513445688e-05,2024-09-16 00:00:00+00:00,2024-09-16
RENDER-USDT-SWAP,SWAP,-6.47658721855e-05,-0.0001200351238503,2024-09-16 08:00:00+00:00,2024-09-16
RON-USDT-SWAP,SWAP,1.90982980915e-05,-0.0001006710657694,2024-09-16 00:00:00+00:00,2024-09-16
RON-USDT-SWAP,SWAP,-0.0005784892666283,-5.95421941877e-05,2024-09-16 16:00:00+00:00,2024-09-16
RON-USDT-SWAP,SWAP,-0.0001034010704791,-0.0005770440283458,2024-09-16 08:00:00+00:00,2024-09-16
RSR-USDT-SWAP,SWAP,-4.27134633897e-05,-0.0001026308462539,2024-09-16 00:00:00+00:00,2024-09-16
RSR-USDT-SWAP,SWAP,-2.8149535584e-06,0.0001471619962111,2024-09-16 16:00:00+00:00,2024-09-16
RSR-USDT-SWAP,SWAP,-0.0001034758336481,-1.241652382e-06,2024-09-16 08:00:00+00:00,2024-09-16
RVN-USDT-SWAP,SWAP,-0.0002644176336672,0.0001444451536608,2024-09-16 16:00:00+00:00,2024-09-16
RVN-USDT-SWAP,SWAP,0.0001969903544629,-0.0002134090086554,2024-09-16 00:00:00+00:00,2024-09-16
RVN-USDT-SWAP,SWAP,-0.0002170385533006,-0.0002643447898443,2024-09-16 08:00:00+00:00,2024-09-16
SAND-USD-SWAP,SWAP,-5.32000813725e-05,-8.54514426969e-05,2024-09-16 08:00:00+00:00,2024-09-16
SAND-USD-SWAP,SWAP,-8.79830683898e-05,7.60235715773e-05,2024-09-16 16:00:00+00:00,2024-09-16
SAND-USD-SWAP,SWAP,0.0001203927243599,-5.36101863594e-05,2024-09-16 00:00:00+00:00,2024-09-16
SAND-USDT-SWAP,SWAP,-2.64430928802e-05,7.20245083145e-05,2024-09-16 16:00:00+00:00,2024-09-16
SAND-USDT-SWAP,SWAP,-7.77800876302e-05,-2.4704004003e-05,2024-09-16 08:00:00+00:00,2024-09-16
SAND-USDT-SWAP,SWAP,6.35086833897e-05,-7.61439906042e-05,2024-09-16 00:00:00+00:00,2024-09-16
SATS-USDT-SWAP,SWAP,-0.0001519693937654,-0.0002669330472142,2024-09-16 00:00:00+00:00,2024-09-16
SATS-USDT-SWAP,SWAP,-0.0002693139085112,-1.28913602916e-05,2024-09-16 08:00:00+00:00,2024-09-16
SATS-USDT-SWAP,SWAP,-1.13752069672e-05,4.53984623365e-05,2024-09-16 16:00:00+00:00,2024-09-16
SHIB-USDT-SWAP,SWAP,-5.72023192276e-05,6.7422725868e-06,2024-09-16 16:00:00+00:00,2024-09-16
SHIB-USDT-SWAP,SWAP,8.37916903417e-05,-5.76563915837e-05,2024-09-16 08:00:00+00:00,2024-09-16
SHIB-USDT-SWAP,SWAP,0.0001073167441459,8.43937772012e-05,2024-09-16 00:00:00+00:00,2024-09-16
SLP-USDT-SWAP,SWAP,-0.0002917121746719,-0.0002927016865474,2024-09-16 16:00:00+00:00,2024-09-16
SLP-USDT-SWAP,SWAP,-8.7628504961e-06,-0.0002894337618331,2024-09-16 08:00:00+00:00,2024-09-16
SLP-USDT-SWAP,SWAP,4.26439078977e-05,-2.7935748725e-06,2024-09-16 00:00:00+00:00,2024-09-16
SNX-USDT-SWAP,SWAP,0.0001109916021153,-6.0261474031e-05,2024-09-16 00:00:00+00:00,2024-09-16
SNX-USDT-SWAP,SWAP,-0.0001428736782697,7.94030943775e-05,2024-09-16 16:00:00+00:00,2024-09-16
SNX-USDT-SWAP,SWAP,-6.1711809067e-05,-0.0001413171089217,2024-09-16 08:00:00+00:00,2024-09-16
SOL-USD-SWAP,SWAP,-3.45424613909e-05,5.64510549004e-05,2024-09-16 16:00:00+00:00,2024-09-16
SOL-USD-SWAP,SWAP,8.391525982e-06,6.2031829083e-06,2024-09-16 00:00:00+00:00,2024-09-16
SOL-USD-SWAP,SWAP,5.746866484e-06,-3.43813925283e-05,2024-09-16 08:00:00+00:00,2024-09-16
SOL-USDT-SWAP,SWAP,2.49900374223e-05,7.29731144276e-05,2024-09-16 00:00:00+00:00,2024-09-16
SOL-USDT-SWAP,SWAP,1.65038794965e-05,2.49321604227e-05,2024-09-16 16:00:00+00:00,2024-09-16
SOL-USDT-SWAP,SWAP,7.23631573226e-05,1.65115365621e-05,2024-09-16 08:00:00+00:00,2024-09-16
SSV-USDT-SWAP,SWAP,-0.0002375125636131,-0.0001341515763906,2024-09-16 16:00:00+00:00,2024-09-16
SSV-USDT-SWAP,SWAP,-2.72438323213e-05,-0.0001960169309027,2024-09-16 00:00:00+00:00,2024-09-16
SSV-USDT-SWAP,SWAP,-0.000198092205695,-0.0002380824465602,2024-09-16 08:00:00+00:00,2024-09-16
STORJ-USDT-SWAP,SWAP,-0.0009002361172897,-0.001096282930725,2024-09-16 16:00:00+00:00,2024-09-16
STORJ-USDT-SWAP,SWAP,6.96939410882e-05,8.10668138743e-05,2024-09-16 00:00:00+00:00,2024-09-16
STORJ-USDT-SWAP,SWAP,7.58671210609e-05,-0.0009042146544943,2024-09-16 08:00:00+00:00,2024-09-16
STRK-USDT-SWAP,SWAP,-0.0001137499766029,-2.80898517407e-05,2024-09-16 16:00:00+00:00,2024-09-16
STRK-USDT-SWAP,SWAP,3.48841405483e-05,-0.0001132086698737,2024-09-16 08:00:00+00:00,2024-09-16
STRK-USDT-SWAP,SWAP,0.0001850702617746,3.54041366833e-05,2024-09-16 00:00:00+00:00,2024-09-16
STX-USDT-SWAP,SWAP,8.78667377054e-05,4.48864374882e-05,2024-09-16 16:00:00+00:00,2024-09-16
STX-USDT-SWAP,SWAP,0.0001351393366291,0.0001079410298619,2024-09-16 00:00:00+00:00,2024-09-16
STX-USDT-SWAP,SWAP,0.000108720489327,8.90425006732e-05,2024-09-16 08:00:00+00:00,2024-09-16
SUI-USDT-SWAP,SWAP,-0.0001990690529507,-6.60506253913e-05,2024-09-16 08:00:00+00:00,2024-09-16
SUI-USDT-SWAP,SWAP,-6.54705729343e-05,-6.27019540543e-05,2024-09-16 16:00:00+00:00,2024-09-16
SUI-USDT-SWAP,SWAP,-1.4353557028e-06,-0.0001992623087999,2024-09-16 00:00:00+00:00,2024-09-16
SUSHI-USD-SWAP,SWAP,7.153849149e-07,0.000118619228023,2024-09-16 16:00:00+00:00,2024-09-16
SUSHI-USD-SWAP,SWAP,-4.58472081697e-05,7.12850374609e-05,2024-09-16 00:00:00+00:00,2024-09-16
SUSHI-USD-SWAP,SWAP,7.08034532414e-05,3.3901829676e-06,2024-09-16 08:00:00+00:00,2024-09-16
SUSHI-USDT-SWAP,SWAP,-0.0001155793466755,-3.35000973191e-05,2024-09-16 16:00:00+00:00,2024-09-16
SUSHI-USDT-SWAP,SWAP,7.90069199624e-05,-1.69693406722e-05,2024-09-16 00:00:00+00:00,2024-09-16
SUSHI-USDT-SWAP,SWAP,-1.84194506977e-05,-0.0001140521248122,2024-09-16 08:00:00+00:00,2024-09-16
SWEAT-USDT-SWAP,SWAP,-0.0001199006899143,-0.0003056039444582,2024-09-16 16:00:00+00:00,2024-09-16
SWEAT-USDT-SWAP,SWAP,-0.0002573600147122,-2.46849836693e-05,2024-09-16 00:00:00+00:00,2024-09-16
SWEAT-USDT-SWAP,SWAP,-2.42469227967e-05,-0.0001189302232623,2024-09-16 08:00:00+00:00,2024-09-16
T-USDT-SWAP,SWAP,-0.0006383577268415,4.99577883715e-05,2024-09-16 16:00:00+00:00,2024-09-16
T-USDT-SWAP,SWAP,9.48988015525e-05,0.0001509016762883,2024-09-16 00:00:00+00:00,2024-09-16
T-USDT-SWAP,SWAP,0.0001485487177539,-0.0006397441768509,2024-09-16 08:00:00+00:00,2024-09-16
THETA-USD-SWAP,SWAP,-1.80996869132e-05,-0.0001094766514288,2024-09-16 16:00:00+00:00,2024-09-16
THETA-USD-SWAP,SWAP,-0.0002129433096039,-0.0003041277798002,2024-09-16 00:00:00+00:00,2024-09-16
THETA-USD-SWAP,SWAP,-0.0003070898825579,-1.88732979011e-05,2024-09-16 08:00:00+00:00,2024-09-16
THETA-USDT-SWAP,SWAP,-6.09579098972e-05,-1.72806836225e-05,2024-09-16 16:00:00+00:00,2024-09-16
THETA-USDT-SWAP,SWAP,-0.0001064499864374,-0.0002177425951947,2024-09-16 00:00:00+00:00,2024-09-16
THETA-USDT-SWAP,SWAP,-0.000220393982927,-6.28548652208e-05,2024-09-16 08:00:00+00:00,2024-09-16
TIA-USDT-SWAP,SWAP,-0.0019643961095606,-0.0008843986794941,2024-09-16 16:00:00+00:00,2024-09-16
TIA-USDT-SWAP,SWAP,-0.0019303142166404,-0.002272677518813,2024-09-16 00:00:00+00:00,2024-09-16
TIA-USDT-SWAP,SWAP,-0.0022788778372526,-0.001970596337389,2024-09-16 08:00:00+00:00,2024-09-16
TNSR-USDT-SWAP,SWAP,9.86685859702e-05,-3.46688999834e-05,2024-09-16 00:00:00+00:00,2024-09-16
TNSR-USDT-SWAP,SWAP,-9.84344836546e-05,-8.8741362377e-06,2024-09-16 16:00:00+00:00,2024-09-16
TNSR-USDT-SWAP,SWAP,-3.88275517847e-05,-9.82830819812e-05,2024-09-16 08:00:00+00:00,2024-09-16
TON-USDT-SWAP,SWAP,5.55507579842e-05,8.38877276942e-05,2024-09-16 08:00:00+00:00,2024-09-16
TON-USDT-SWAP,SWAP,8.46272390987e-05,-9.107840376e-07,2024-09-16 16:00:00+00:00,2024-09-16
TON-USDT-SWAP,SWAP,4.34271259528e-05,5.59212712797e-05,2024-09-16 00:00:00+00:00,2024-09-16
TRB-USDT-SWAP,SWAP,0.0001199398571373,-8.8813634363e-06,2024-09-16 16:00:00+00:00,2024-09-16
TRB-USDT-SWAP,SWAP,2.0005257324e-05,2.0005257324e-05,2024-09-16 12:00:00+00:00,2024-09-16
TRB-USDT-SWAP,SWAP,1.17582681149e-05,1.17582681149e-05,2024-09-16 20:00:00+00:00,2024-09-16
TRB-USDT-SWAP,SWAP,-6.8353117091e-06,-6.8353117091e-06,2024-09-16 04:00:00+00:00,2024-09-16
TRB-USDT-SWAP,SWAP,8.07018232999e-05,-2.4406324039e-06,2024-09-16 00:00:00+00:00,2024-09-16
TRB-USDT-SWAP,SWAP,-3.0785172837e-06,0.0001207004325105,2024-09-16 08:00:00+00:00,2024-09-16
TRX-USD-SWAP,SWAP,0.0001087466768423,-0.0002165801850182,2024-09-16 16:00:00+00:00,2024-09-16
TRX-USD-SWAP,SWAP,-0.0002080377951094,0.0001079060223799,2024-09-16 08:00:00+00:00,2024-09-16
TRX-USD-SWAP,SWAP,-0.0001005100282767,-0.0002099386909797,2024-09-16 00:00:00+00:00,2024-09-16
TRX-USDT-SWAP,SWAP,-0.0001077681832755,-0.0002576493759375,2024-09-16 00:00:00+00:00,2024-09-16
TRX-USDT-SWAP,SWAP,-0.0002569480280508,-5.0655533328e-05,2024-09-16 08:00:00+00:00,2024-09-16
TRX-USDT-SWAP,SWAP,-5.14934642712e-05,-7.9564921856e-05,2024-09-16 16:00:00+00:00,2024-09-16
TURBO-USDT-SWAP,SWAP,7.56190154573e-05,3.3023575211e-06,2024-09-16 00:00:00+00:00,2024-09-16
TURBO-USDT-SWAP,SWAP,2.0001504303e-06,6.4368911691e-06,2024-09-16 08:00:00+00:00,2024-09-16
TURBO-USDT-SWAP,SWAP,5.9990347704e-06,-0.0003559626089409,2024-09-16 16:00:00+00:00,2024-09-16
ULTI-USDT-SWAP,SWAP,-2.80022434564e-05,-0.0001879193965899,2024-09-16 16:00:00+00:00,2024-09-16
ULTI-USDT-SWAP,SWAP,0.0002995534303551,-2.57288021625e-05,2024-09-16 08:00:00+00:00,2024-09-16
ULTI-USDT-SWAP,SWAP,0.0004329357979124,0.0003007058890109,2024-09-16 00:00:00+00:00,2024-09-16
UMA-USDT-SWAP,SWAP,1.92023131511e-05,-0.0001479315208493,2024-09-16 16:00:00+00:00,2024-09-16
UMA-USDT-SWAP,SWAP,7.86049304789e-05,0.0001452862720856,2024-09-16 00:00:00+00:00,2024-09-16
UMA-USDT-SWAP,SWAP,0.0001434635822096,2.11320061645e-05,2024-09-16 08:00:00+00:00,2024-09-16
UNI-USD-SWAP,SWAP,3.32283200675e-05,0.0001389330378527,2024-09-16 00:00:00+00:00,2024-09-16
UNI-USD-SWAP,SWAP,3.7460033165e-05,-2.66897362341e-05,2024-09-16 16:00:00+00:00,2024-09-16
UNI-USD-SWAP,SWAP,0.0001360207526086,3.65553671936e-05,2024-09-16 08:00:00+00:00,2024-09-16
UNI-USDT-SWAP,SWAP,3.22661076024e-05,7.05090130174e-05,2024-09-16 08:00:00+00:00,2024-09-16
UNI-USDT-SWAP,SWAP,7.04769414336e-05,3.52224246117e-05,2024-09-16 16:00:00+00:00,2024-09-16
UNI-USDT-SWAP,SWAP,-1.37643725205e-05,3.34913978256e-05,2024-09-16 00:00:00+00:00,2024-09-16
USDC-USDT-SWAP,SWAP,2.04248153301e-05,-3.6044354473e-05,2024-09-16 16:00:00+00:00,2024-09-16
USDC-USDT-SWAP,SWAP,2.43860360489e-05,-4.20952117344e-05,2024-09-16 00:00:00+00:00,2024-09-16
USDC-USDT-SWAP,SWAP,-4.18868158823e-05,2.06332007603e-05,2024-09-16 08:00:00+00:00,2024-09-16
USTC-USDT-SWAP,SWAP,0.0001034272216515,-0.0003061895067538,2024-09-16 16:00:00+00:00,2024-09-16
USTC-USDT-SWAP,SWAP,5.64589545721e-05,0.0001064837552978,2024-09-16 08:00:00+00:00,2024-09-16
USTC-USDT-SWAP,SWAP,9.53680252971e-05,5.7602386698e-05,2024-09-16 00:00:00+00:00,2024-09-16
UXLINK-USDT-SWAP,SWAP,-0.0016154080774967,-0.000454935368077,2024-09-16 00:00:00+00:00,2024-09-16
UXLINK-USDT-SWAP,SWAP,0.00020747973664,-0.0011108358879431,2024-09-16 16:00:00+00:00,2024-09-16
UXLINK-USDT-SWAP,SWAP,-0.0004574984157661,0.0002104203501693,2024-09-16 08:00:00+00:00,2024-09-16
VELO-USDT-SWAP,SWAP,-7.70961598365e-05,1.6732616109e-06,2024-09-16 16:00:00+00:00,2024-09-16
VELO-USDT-SWAP,SWAP,-4.0745093402e-06,-7.46294036648e-05,2024-09-16 08:00:00+00:00,2024-09-16
VELO-USDT-SWAP,SWAP,1.82587467713e-05,-5.4428102529e-06,2024-09-16 00:00:00+00:00,2024-09-16
VRA-USDT-SWAP,SWAP,-0.0001828923708595,-9.25463763378e-05,2024-09-16 16:00:00+00:00,2024-09-16
VRA-USDT-SWAP,SWAP,0.0002743163858147,0.0002393553139003,2024-09-16 00:00:00+00:00,2024-09-16
VRA-USDT-SWAP,SWAP,0.000236125930459,-0.0001853738473795,2024-09-16 08:00:00+00:00,2024-09-16
W-USDT-SWAP,SWAP,-7.21409316085e-05,0.0001489562553195,2024-09-16 16:00:00+00:00,2024-09-16
W-USDT-SWAP,SWAP,0.0001406797142954,-0.000113397674169,2024-09-16 00:00:00+00:00,2024-09-16
W-USDT-SWAP,SWAP,-0.0001153611952786,-6.79867332558e-05,2024-09-16 08:00:00+00:00,2024-09-16
WAXP-USDT-SWAP,SWAP,-1.5161906406e-06,-9.87706374517e-05,2024-09-16 00:00:00+00:00,2024-09-16
WAXP-USDT-SWAP,SWAP,-0.0001605658073021,1.58696911418e-05,2024-09-16 16:00:00+00:00,2024-09-16
WAXP-USDT-SWAP,SWAP,-0.0001007919830707,-0.0001601888433987,2024-09-16 08:00:00+00:00,2024-09-16
WIF-USDT-SWAP,SWAP,-0.0001215951815671,-8.0504459284e-06,2024-09-16 16:00:00+00:00,2024-09-16
WIF-USDT-SWAP,SWAP,3.93153493231e-05,-2.12550394455e-05,2024-09-16 00:00:00+00:00,2024-09-16
WIF-USDT-SWAP,SWAP,-2.12467567887e-05,-0.0001202407058089,2024-09-16 08:00:00+00:00,2024-09-16
WLD-USDT-SWAP,SWAP,-8.71778016554e-05,0.0001298550230793,2024-09-16 16:00:00+00:00,2024-09-16
WLD-USDT-SWAP,SWAP,-7.5850402238e-06,-8.72086501916e-05,2024-09-16 08:00:00+00:00,2024-09-16
WLD-USDT-SWAP,SWAP,2.45117318417e-05,-8.9309189553e-06,2024-09-16 00:00:00+00:00,2024-09-16
WOO-USDT-SWAP,SWAP,-6.82441874979e-05,3.4930050153e-06,2024-09-16 16:00:00+00:00,2024-09-16
WOO-USDT-SWAP,SWAP,6.54680654592e-05,-0.0001696048838819,2024-09-16 00:00:00+00:00,2024-09-16
WOO-USDT-SWAP,SWAP,-0.0001696079503812,-6.82043684357e-05,2024-09-16 08:00:00+00:00,2024-09-16
XCH-USDT-SWAP,SWAP,7.09542113008e-05,-0.0001637501999321,2024-09-16 16:00:00+00:00,2024-09-16
XCH-USDT-SWAP,SWAP,0.0001352299256202,7.24783374111e-05,2024-09-16 08:00:00+00:00,2024-09-16
XCH-USDT-SWAP,SWAP,0.0001324294067718,0.0001336676215682,2024-09-16 00:00:00+00:00,2024-09-16
XLM-USD-SWAP,SWAP,-0.0001522881887387,2.88895633867e-05,2024-09-16 16:00:00+00:00,2024-09-16
XLM-USD-SWAP,SWAP,-4.65168082392e-05,-2.65333492028e-05,2024-09-16 00:00:00+00:00,2024-09-16
XLM-USD-SWAP,SWAP,-2.6963317076e-05,-0.0001527195543299,2024-09-16 08:00:00+00:00,2024-09-16
XLM-USDT-SWAP,SWAP,-3.6124785556e-06,-7.08959359421e-05,2024-09-16 08:00:00+00:00,2024-09-16
XLM-USDT-SWAP,SWAP,-7.10121515198e-05,-8.49799227945e-05,2024-09-16 16:00:00+00:00,2024-09-16
XLM-USDT-SWAP,SWAP,8.56333904117e-05,-3.182355076e-06,2024-09-16 00:00:00+00:00,2024-09-16
XRP-USD-SWAP,SWAP,4.35921812315e-05,4.40745945305e-05,2024-09-16 00:00:00+00:00,2024-09-16
XRP-USD-SWAP,SWAP,-5.3861522914e-06,-4.59847639305e-05,2024-09-16 16:00:00+00:00,2024-09-16
XRP-USD-SWAP,SWAP,4.40745945305e-05,-5.0211674748e-06,2024-09-16 08:00:00+00:00,2024-09-16
XRP-USDT-SWAP,SWAP,0.0001362231887045,0.0001087859517786,2024-09-16 08:00:00+00:00,2024-09-16
XRP-USDT-SWAP,SWAP,0.0001091455118337,2.71861112e-08,2024-09-16 16:00:00+00:00,2024-09-16
XRP-USDT-SWAP,SWAP,0.0001088276162329,0.0001365771659959,2024-09-16 00:00:00+00:00,2024-09-16
XTZ-USDT-SWAP,SWAP,-0.0001220472654281,-0.0002763852408055,2024-09-16 08:00:00+00:00,2024-09-16
XTZ-USDT-SWAP,SWAP,4.20284541796e-05,-0.0001204456349992,2024-09-16 00:00:00+00:00,2024-09-16
XTZ-USDT-SWAP,SWAP,-0.0002761036939932,-0.0001960615045378,2024-09-16 16:00:00+00:00,2024-09-16
YFI-USD-SWAP,SWAP,0.0002128095404246,-9.99080796788e-05,2024-09-16 16:00:00+00:00,2024-09-16
YFI-USD-SWAP,SWAP,0.0001461197536742,0.0002398774189502,2024-09-16 00:00:00+00:00,2024-09-16
YFI-USD-SWAP,SWAP,0.0002392506640365,0.0002128095404246,2024-09-16 08:00:00+00:00,2024-09-16
YFI-USDT-SWAP,SWAP,-8.88351481156e-05,-4.47318571088e-05,2024-09-16 00:00:00+00:00,2024-09-16
YFI-USDT-SWAP,SWAP,-4.55601229904e-05,1.54371855016e-05,2024-09-16 08:00:00+00:00,2024-09-16
YFI-USDT-SWAP,SWAP,1.56211948998e-05,-2.88361422544e-05,2024-09-16 16:00:00+00:00,2024-09-16
YGG-USDT-SWAP,SWAP,-9.44547807983e-05,-1.90331108116e-05,2024-09-16 16:00:00+00:00,2024-09-16
YGG-USDT-SWAP,SWAP,8.56959868331e-05,-9.1687645748e-05,2024-09-16 08:00:00+00:00,2024-09-16
YGG-USDT-SWAP,SWAP,8.5504266797e-05,8.67497628627e-05,2024-09-16 00:00:00+00:00,2024-09-16
ZENT-USDT-SWAP,SWAP,-0.0003732760580793,-0.000188022329415,2024-09-16 16:00:00+00:00,2024-09-16
ZENT-USDT-SWAP,SWAP,-0.0001286796823874,-0.0003293318486134,2024-09-16 00:00:00+00:00,2024-09-16
ZENT-USDT-SWAP,SWAP,-0.0003305025757637,-0.0003683191393346,2024-09-16 08:00:00+00:00,2024-09-16
ZERO-USDT-SWAP,SWAP,6.72312354449e-05,0.0002986843594045,2024-09-16 00:00:00+00:00,2024-09-16
ZERO-USDT-SWAP,SWAP,0.00021421515763,1.64807651832e-05,2024-09-16 16:00:00+00:00,2024-09-16
ZERO-USDT-SWAP,SWAP,0.0002997664764437,0.0002087816531887,2024-09-16 08:00:00+00:00,2024-09-16
ZETA-USDT-SWAP,SWAP,-0.0003175541827946,-0.0005345321090648,2024-09-16 00:00:00+00:00,2024-09-16
ZETA-USDT-SWAP,SWAP,-0.0005331902491703,-0.0004068334891425,2024-09-16 08:00:00+00:00,2024-09-16
ZETA-USDT-SWAP,SWAP,-0.0004062559618832,-0.0014985104206891,2024-09-16 16:00:00+00:00,2024-09-16
ZEUS-USDT-SWAP,SWAP,0.0001721502970704,0.0001546787616067,2024-09-16 08:00:00+00:00,2024-09-16
ZEUS-USDT-SWAP,SWAP,0.0001525125766389,-0.0001268172095943,2024-09-16 16:00:00+00:00,2024-09-16
ZEUS-USDT-SWAP,SWAP,-0.0001033334104775,0.0001717716231171,2024-09-16 00:00:00+00:00,2024-09-16
ZIL-USDT-SWAP,SWAP,9.95877814659e-05,-0.0001350858543617,2024-09-16 08:00:00+00:00,2024-09-16
ZIL-USDT-SWAP,SWAP,-0.0001366267173416,-6.468763086e-07,2024-09-16 16:00:00+00:00,2024-09-16
ZIL-USDT-SWAP,SWAP,7.39822182773e-05,9.95823274253e-05,2024-09-16 00:00:00+00:00,2024-09-16
ZK-USDT-SWAP,SWAP,-0.0001129944529291,-7.02845599907e-05,2024-09-16 16:00:00+00:00,2024-09-16
ZK-USDT-SWAP,SWAP,0.0001409990450015,8.83418546718e-05,2024-09-16 00:00:00+00:00,2024-09-16
ZK-USDT-SWAP,SWAP,8.65206700409e-05,-0.0001110496914113,2024-09-16 08:00:00+00:00,2024-09-16
ZRO-USDT-SWAP,SWAP,-0.0001426445772069,0.0002069366808122,2024-09-16 16:00:00+00:00,2024-09-16
ZRO-USDT-SWAP,SWAP,-0.0001257728586238,-0.0001171364666827,2024-09-16 00:00:00+00:00,2024-09-16
ZRO-USDT-SWAP,SWAP,-0.0001155272300307,-0.000139295977563,2024-09-16 08:00:00+00:00,2024-09-16
ZRX-USDT-SWAP,SWAP,-0.0004051986059906,-0.0001268899978662,2024-09-16 16:00:00+00:00,2024-09-16
ZRX-USDT-SWAP,SWAP,-6.66853133756e-05,-0.0003442007477986,2024-09-16 00:00:00+00:00,2024-09-16
ZRX-USDT-SWAP,SWAP,-0.0003449052894858,-0.0004030493879307,2024-09-16 08:00:00+00:00,2024-09-16
